"","row","baseMean","log2FoldChange","lfcSE","stat","pvalue","padj","regulate"
"YUC8","YUC8",3717.76618179368,-3.98543117767639,0.121697092934296,-32.7487788046681,3.16025581004836e-235,1.5355682981025e-231,"Down"
"ZIP1","ZIP1",2972.40841445207,3.99744032458736,0.122228254567341,32.7047157691757,1.33836885614974e-234,3.25156713601579e-231,"Up"
"RGI1","RGI1",41194.0368688428,-2.60587038375147,0.0824061764634858,-31.62227026643,1.82484753254381e-219,2.95564472021012e-216,"Down"
"FIM1_2702","FIM1_2702",6101.83053471212,2.93147512700157,0.102030142457932,28.7314616679109,1.54413703296372e-181,1.87574046079268e-178,"Up"
"DIT1","DIT1",2904.34543205422,-2.32802592784344,0.0844971137071721,-27.5515437830374,4.2408559887045e-167,4.12126384982303e-164,"Down"
"DIT2","DIT2",4045.20606632771,-2.34468184860883,0.0874948028415862,-26.7979556780532,3.41345776551369e-158,2.7643318804385e-155,"Down"
"SPT10","SPT10",2570.90538858112,2.60778816978997,0.0979474872548007,26.6243498723563,3.54751764208313e-156,2.46248403184027e-153,"Up"
"MMF1","MMF1",19464.8666218166,-2.48632644437725,0.0942376148007696,-26.3835884390077,2.11421753514816e-153,1.14144255592055e-150,"Down"
"FIM1_4794","FIM1_4794",3688.08151612701,-2.67430399186412,0.101361502614232,-26.3838234723309,2.1011290673244e-153,1.14144255592055e-150,"Down"
"SOR1","SOR1",68718.4154982905,-3.04356493182007,0.119231343895589,-25.526550589628,1.00023653233737e-143,4.86014931062728e-141,"Down"
"INU1","INU1",22149.8162495479,-2.81365031057142,0.110680612764221,-25.4213474275322,1.46478519311474e-142,6.47035568485864e-140,"Down"
"FIM1_2763","FIM1_2763",23412.6321421705,-2.99231471076723,0.120946307447424,-24.7408521510092,3.88930600638404e-135,1.57484482375167e-132,"Down"
"TOP1","TOP1",2226.22735510139,2.69269675672102,0.109006106262447,24.7022561308446,1.01142012572272e-134,3.78037722375899e-132,"Up"
"HMLALPHA3","HMLALPHA3",906.822005893968,2.59878760316013,0.107308032812558,24.2180155114726,1.43728138304432e-129,4.98839302872309e-127,"Up"
"BRR1","BRR1",1909.3471517632,2.63976290971414,0.10912298463127,24.1907139786727,2.78624218182552e-129,9.02556717432681e-127,"Up"
"CKI1","CKI1",4789.80948147837,1.84189251845408,0.0771764239705461,23.8659997923332,6.90851325516443e-126,2.06103813697975e-123,"Up"
"MPG1","MPG1",10900.1523746909,-2.03514868995192,0.0852803784491367,-23.8642080037876,7.21087637963692e-126,2.06103813697975e-123,"Down"
"DAL5","DAL5",12293.0489139231,-2.7121390024888,0.11387185156825,-23.8174664338645,2.20189266028935e-125,5.94388690908108e-123,"Down"
"YBL029W","YBL029W",1246.07393694222,-2.82010932373484,0.119797474637301,-23.5406408379893,1.56545994944861e-122,4.00345783914253e-120,"Down"
"STE3","STE3",1680.42455271443,2.21285380956759,0.0940995533778082,23.5160925863592,2.79211551054849e-122,6.78344463287755e-120,"Up"
"HRP1","HRP1",3565.83376390683,2.09872049809317,0.0907340001073078,23.1304747460829,2.28600828870962e-118,5.28938774992384e-116,"Up"
"RAD16","RAD16",1649.43881425836,2.08668105566497,0.0906607780702521,23.0163594454046,3.19689292708749e-117,7.06077396941733e-115,"Up"
"PTP2","PTP2",8226.75736448935,2.25966953934702,0.0982927913862995,22.9891684575964,5.98241839780821e-117,1.26385091282392e-114,"Up"
"FIM1_4812","FIM1_4812",6793.03629363305,2.38104313461721,0.103975588441249,22.900020767496,4.64396323073307e-116,9.40209055755499e-114,"Up"
"FIM1_1970","FIM1_1970",6791.87144166291,2.87604965285949,0.129638336658551,22.1851786052654,4.77532925050924e-109,9.28132993128976e-107,"Up"
"ADY2","ADY2",1793.7866105225,-2.28585659885747,0.103964891621309,-21.9868126942668,3.85105260923885e-107,7.19702485703521e-105,"Down"
"TUB2","TUB2",4621.79450948989,-2.06821029388355,0.0941993938304641,-21.9556645725961,7.64553023342325e-107,1.37591227422976e-104,"Down"
"NRD1","NRD1",2440.34283447386,2.20083962090916,0.1006998828422,21.855433777991,6.90125599221576e-106,1.19761438807773e-103,"Up"
"EXO5","EXO5",1028.49530401056,2.28529340016898,0.104725702454557,21.82170514598,1.44374646357075e-105,2.4190220918932e-103,"Up"
"BRL1","BRL1",1185.64563272078,2.04220916237701,0.0952466244641598,21.4412759913131,5.50825965909721e-102,8.92154456118444e-100,"Up"
"RPL32","RPL32",6898.36236510502,-1.8711391749221,0.0875766589871615,-21.3657291401856,2.78471423457277e-101,4.36481498896422e-99,"Down"
"MRX10","MRX10",8758.64968763284,2.35200642998445,0.110948379934085,21.1991056686163,9.73283716185539e-100,1.47787049279548e-97,"Up"
"RPL8B","RPL8B",8915.19603317417,-1.53942164100103,0.0728320584186236,-21.1365938904645,3.66599722273641e-99,5.39790318341704e-97,"Down"
"PUT4","PUT4",5295.52828940621,-2.56390098185295,0.122195574128843,-20.9819463604268,9.58874613492618e-98,1.37034463145901e-95,"Down"
"FIM1_4026","FIM1_4026",1450.34762327135,2.24118193316048,0.107059099678592,20.9340629604476,2.62169224752393e-97,3.63965789449108e-95,"Up"
"YGL138C","YGL138C",536.303882810681,-2.52267957449878,0.121130487365193,-20.8261324574154,2.50924017637741e-96,3.38677722694939e-94,"Down"
"YLH47","YLH47",11044.7377842018,1.67401887699453,0.0806929781871926,20.7455334355255,1.34524015860443e-95,1.76662754882674e-93,"Up"
"TUB1","TUB1",4070.76655819752,-1.69597588965469,0.0823722017131699,-20.5891775912496,3.43143881754022e-94,4.38772663537577e-92,"Down"
"BTN2","BTN2",623.963279580431,2.55161227026017,0.12570460598261,20.2984787256973,1.3262752003906e-91,1.652402871461e-89,"Up"
"GIC2","GIC2",3688.39789094949,-1.90966490657415,0.0947319152778651,-20.1586223710645,2.26089580411106e-90,2.74642317804391e-88,"Down"
"FIM1_2065","FIM1_2065",912.049408454137,3.31673139532384,0.164654326541252,20.1436030561449,3.06227689862677e-90,3.62917157327499e-88,"Up"
"RHR2","RHR2",11211.3069106887,-2.20463844278944,0.11048987116013,-19.9533081144997,1.40291664962841e-88,1.62304095251058e-86,"Down"
"TEP1","TEP1",400.560673499263,2.7963238426013,0.140530840381551,19.8982930366679,4.2102419779511e-88,4.75757343508474e-86,"Up"
"POL30","POL30",1372.61497114815,-2.13410030709031,0.107796989441665,-19.7974017469679,3.13449385662945e-87,3.46147855667329e-85,"Down"
"rps13","rps13",6556.14708131266,-1.69165352211388,0.0855545488434851,-19.7728062970517,5.10554959972203e-87,5.51285900112207e-85,"Down"
"ACT1","ACT1",30479.5181115496,-1.54012595498515,0.078342525762099,-19.6588754319974,4.85367000930999e-86,5.12695273374722e-84,"Down"
"DUG3","DUG3",2629.5203209129,2.23820997685571,0.11398571274533,19.6358817517453,7.63440491968136e-86,7.89267521377271e-84,"Up"
"HAK1","HAK1",3357.04172063853,-2.81578940284117,0.144498373093777,-19.4866512511789,1.42507144592023e-84,1.44258794910966e-82,"Down"
"YMR244W","YMR244W",282.314095167902,3.31033675230717,0.170503437538276,19.4150733856263,5.7553732319775e-84,5.7072160273834e-82,"Up"
"PEX21","PEX21",9082.24870958319,-1.47005549476022,0.0757269519981945,-19.4125797482945,6.04162315427463e-84,5.87124938132409e-82,"Down"
"PRP2","PRP2",1316.35692422584,1.9203859179942,0.0989834539053298,19.4010801020431,7.55669435529235e-84,7.1996035043854e-82,"Up"
"FAT3","FAT3",7463.25786429957,-2.48636797020879,0.128670246458307,-19.3235657710071,3.40310599768669e-83,3.17994077745377e-81,"Down"
"IME1","IME1",6436.4424014266,-2.13588300884517,0.11115786364939,-19.2148619874711,2.77972291795684e-82,2.54842899214194e-80,"Down"
"RNR1","RNR1",14832.4326311235,-1.66445413188903,0.0872032179288572,-19.0870723744041,3.23392871443215e-81,2.90993696730108e-79,"Down"
"rps12","rps12",8208.48201806786,-1.66987300088013,0.0880972440566175,-18.9548835353687,4.02443843920577e-80,3.55540843201833e-78,"Down"
"FIM1_3960","FIM1_3960",439.512021563457,2.42629471606149,0.128264882880499,18.9162821621409,8.37584720654637e-80,7.26754313868015e-78,"Up"
"CWP1","CWP1",357735.125694289,-1.52952821257811,0.0809827729334868,-18.8870812541126,1.45681094516444e-79,1.2418674355358e-77,"Down"
"FIM1_4308","FIM1_4308",286.973951406446,-3.12848384745024,0.165695243121305,-18.880951489717,1.63611926999486e-79,1.37067302291466e-77,"Down"
"FIM1_4052","FIM1_4052",246.518259917006,3.99974681262746,0.211958911479741,18.8703875892935,1.99827516510021e-79,1.6456981402071e-77,"Up"
"PKH3","PKH3",3890.74694747317,1.68767622742385,0.0894810291068547,18.8607154418004,2.39951020377246e-79,1.9432033466884e-77,"Up"
"YHB1","YHB1",22320.7883483636,-1.699523424816,0.0909829778862957,-18.679575721735,7.25938363176841e-78,5.7825155847152e-76,"Down"
"ADH2","ADH2",29437.731425596,-1.6516315830578,0.088640949765613,-18.6328281389707,1.74078075374156e-77,1.36426672297262e-75,"Down"
"PRE7","PRE7",4273.55436368368,-1.62748132592866,0.087382631076548,-18.6247690860095,2.02363287847711e-77,1.56076700897147e-75,"Down"
"IZH3","IZH3",3259.09003729977,1.76690717776314,0.0949085134728405,18.6169513472442,2.34171793862238e-77,1.77787616621346e-75,"Up"
"MF(ALPHA)1","MF(ALPHA)1",624.203417132006,2.51942055018113,0.135685755122437,18.5680548994086,5.82761067383292e-77,4.35636311756218e-75,"Up"
"RPN5","RPN5",7576.52729402955,-1.62316742058872,0.0880521176457686,-18.4341667638101,6.98871244053075e-76,5.14517481038469e-74,"Down"
"SAY1","SAY1",654.635118463779,2.15298605947191,0.117208050922331,18.3689263879885,2.32974728628464e-75,1.68958836776971e-73,"Up"
"AIR1","AIR1",958.811663304027,1.7771002734098,0.0975695020869064,18.2136859920317,4.01951598650592e-74,2.87218061447534e-72,"Up"
"CFL1","CFL1",9266.5145313939,-1.92002035592789,0.105492962886531,-18.2004590959596,5.11770810096325e-74,3.60390487863485e-72,"Down"
"FIM1_1943","FIM1_1943",1862.70186797423,1.48183531650584,0.0820943241899773,18.0503991125704,7.83227150744344e-73,5.43671532209538e-71,"Up"
"AXL1","AXL1",834.698454017108,-1.75860316085735,0.0975423506364038,-18.0291242663679,1.15100195190806e-72,7.87706828777644e-71,"Down"
"FIM1_2723","FIM1_2723",610.305711999413,2.01914965908988,0.112131017892005,18.0070572536365,1.71507283141549e-72,1.15743595664554e-70,"Up"
"YGR126W","YGR126W",1063.10225373666,1.77436536325536,0.0986205590636242,17.9918404448574,2.25734644119198e-72,1.50252689832217e-70,"Up"
"FIM1_2080","FIM1_2080",254.403710407362,3.50920939484421,0.195269430406362,17.9711150257438,3.28054386577024e-72,2.15407603294292e-70,"Up"
"PRE1","PRE1",2497.54940459884,-1.64194599354688,0.0914222037928001,-17.9600351493189,4.00554054026929e-72,2.59505619802247e-70,"Down"
"ATF1","ATF1",5108.13846955596,1.4852599575997,0.0827622845171663,17.9460966582143,5.14841462608473e-72,3.29159824580864e-70,"Up"
"YPR127W","YPR127W",42861.4108663938,1.69518929716285,0.0945976533193934,17.9199931254037,8.2338305969598e-72,5.19586790527632e-70,"Up"
"SEC21","SEC21",10007.7138606365,-1.36609256103808,0.076913244891401,-17.7614735013061,1.40497266708836e-70,8.75225921715684e-69,"Down"
"RPP2B","RPP2B",6777.62301874234,-1.46228895304129,0.0823590576633191,-17.7550471621358,1.57538245585547e-70,9.68959918101486e-69,"Down"
"FIM1_2973","FIM1_2973",10786.6863728802,-1.72851604499942,0.0974542374549099,-17.7366945772796,2.18410994095262e-70,1.3265737753861e-68,"Down"
"FIM1_2040","FIM1_2040",597.288872695041,2.21444133904307,0.12499288353596,17.7165393452658,3.1255877745567e-70,1.87496678970012e-68,"Up"
"RIM8","RIM8",4268.23736542148,1.60021801163975,0.0906520953955523,17.6523003098532,9.76946868957346e-70,5.78900589788262e-68,"Up"
"YJL163C","YJL163C",50057.2779916842,-1.31121830592225,0.0746071728429823,-17.5749630492209,3.83139866132175e-69,2.24298386691113e-67,"Down"
"MKS1","MKS1",2484.01854536552,-1.92261498324311,0.109888966598964,-17.4959783747865,1.53749386510826e-68,8.89366986971553e-67,"Down"
"BEM1","BEM1",944.36077635067,2.51587885393795,0.143950276402126,17.4774159301356,2.12932337434674e-68,1.21722144422951e-66,"Up"
"RPS3","RPS3",8349.34470335213,-1.50566155738823,0.0863884362243358,-17.4289710891199,4.97327819633784e-68,2.80990218093088e-66,"Down"
"AIM45","AIM45",5676.46340704258,-1.53830220470326,0.0883252448477257,-17.4163367150051,6.20232371913299e-68,3.46403344267439e-66,"Down"
"ASC1","ASC1",6292.11212459007,-1.61899094425162,0.0930807032440861,-17.3934111778908,9.25578474124167e-68,5.11066568837424e-66,"Down"
"KRS1","KRS1",5632.05456662372,-1.37606289112003,0.0792203962020808,-17.3700581805962,1.39084855212269e-67,7.59340799411701e-66,"Down"
"CPS1","CPS1",43943.0672246368,-1.71603030130297,0.0988103136320346,-17.366914831314,1.46915741473211e-67,7.93181764242594e-66,"Down"
"YER010C","YER010C",1784.04284979357,-2.38244185756961,0.137877804089206,-17.2793719286984,6.72766213891824e-67,3.59227586076964e-65,"Down"
"DLD1","DLD1",14353.5099904382,1.54613945932903,0.0896773442266582,17.2411379112787,1.30443763901068e-66,6.8894157477749e-65,"Up"
"RRN3","RRN3",1251.25398061073,1.73444797740854,0.101540045099759,17.08141822967,2.04097102064668e-65,1.06635249347551e-63,"Up"
"SSP1","SSP1",376.90570698643,2.27344795973319,0.133156291001827,17.0735302299912,2.33635395835813e-65,1.2076961578364e-63,"Up"
"JEN1","JEN1",88660.267080918,1.30618799484621,0.0766487668966517,17.0412134171368,4.06215353511779e-65,2.07768463443551e-63,"Up"
"QDR3","QDR3",2783.858961069,1.43493274388288,0.0842087104025885,17.0401937878242,4.13359666422685e-65,2.09220272827899e-63,"Up"
"FIM1_3087","FIM1_3087",2539.44108197125,-2.31255981576832,0.135820170149355,-17.0266302363287,5.21204527616524e-65,2.6108585563801e-63,"Down"
"RPL24","RPL24",7585.29844518426,-1.41760045763824,0.0834458503640538,-16.9882678581811,1.00307846335746e-64,4.97342678923868e-63,"Down"
"HNM1","HNM1",20317.8054427629,1.54909886302841,0.0912640963434261,16.9738037749167,1.28342825430063e-64,6.29916958348159e-63,"Up"
"UGA2","UGA2",57297.7182396927,2.22069786651323,0.13088426050044,16.9668824809211,1.44397050929373e-64,7.01625270465826e-63,"Up"
"SUV3","SUV3",1050.19842565257,1.56533221260478,0.0928434297848222,16.8599136872977,8.87185106763188e-64,4.26815092451716e-62,"Up"
"EHD3","EHD3",28512.9110328736,-1.4069664917063,0.0835142470689653,-16.8470236047802,1.10329428774572e-63,5.25579112172203e-62,"Down"
"FAS2","FAS2",21240.7022037211,-1.79978192970247,0.106838451559917,-16.8458256687961,1.12586549224902e-63,5.31124313285242e-62,"Down"
"RPT1","RPT1",9292.0389715808,-1.45211428511044,0.0864763304244249,-16.7920433022942,2.79069222897601e-63,1.30384360967254e-61,"Down"
"CDC11","CDC11",2687.81341953695,-1.81304440229941,0.108267722704417,-16.7459364343445,6.06288399534472e-63,2.80567174603619e-61,"Down"
"GIS4","GIS4",6378.86253774371,1.86475117973887,0.111968901380875,16.654188410724,2.82145694588857e-62,1.29334521698798e-60,"Up"
"APP1","APP1",4454.41914369222,1.50894579894272,0.0908373237546875,16.611517563174,5.75194794370728e-62,2.61202944471717e-60,"Up"
"SSU72","SSU72",461.477636918476,2.28719076193254,0.138069378378005,16.5655179215097,1.23710322073848e-61,5.56581902737803e-60,"Up"
"DSL1","DSL1",3428.97830232562,1.57511156235129,0.0957832060028018,16.4445483512549,9.17659056201587e-61,4.09073885695735e-59,"Up"
"RPL38","RPL38",3892.36943296741,-1.65536768205274,0.100747540571657,-16.4308495538445,1.15035969460694e-60,5.08145250554103e-59,"Down"
"RPS1","RPS1",11099.3290027374,-1.52964879696906,0.0931807348206284,-16.4159340438086,1.47099568908923e-60,6.43925049845455e-59,"Down"
"MNT2","MNT2",2129.95419839192,1.6859718393921,0.102719212367246,16.4134031067561,1.53362937618449e-60,6.65348673114323e-59,"Up"
"RPS22","RPS22",2826.41282197896,-1.77227994246805,0.10832205969265,-16.3612097803224,3.61867088408399e-60,1.55602848015612e-58,"Down"
"FIM1_4843","FIM1_4843",794.788147523863,1.99018014759558,0.121975589820059,16.3162166342588,7.56831483076856e-60,3.22582822479864e-58,"Up"
"ARC15","ARC15",1738.05579433339,-1.49079557941675,0.091743465850164,-16.249610428404,2.24788259000591e-59,9.49779261290324e-58,"Down"
"YJR061W","YJR061W",6775.70022861179,1.38789915692546,0.0854352523595381,16.2450407600454,2.42180409612927e-59,1.01444362957691e-57,"Up"
"STL1","STL1",71874.5833648541,1.36695111664233,0.0841836087727302,16.2377348342559,2.72813333911289e-59,1.13299144399569e-57,"Up"
"RPP0","RPP0",14125.0387475208,-1.71734020187389,0.10596706735437,-16.2063577368886,4.54732041720702e-59,1.87249405993296e-57,"Down"
"RPS7A","RPS7A",2120.02961249437,-1.56106291164121,0.096470654054295,-16.1817386535248,6.78510412139425e-59,2.77048915343316e-57,"Down"
"XBP1","XBP1",2002.9634322532,1.34898103136854,0.0833885157846887,16.177060098439,7.32075049524779e-59,2.96429388803408e-57,"Up"
"RPS0A","RPS0A",2295.27344536981,-1.89503051795925,0.117545912029283,-16.1216199291317,1.79832744709835e-58,7.22154798797594e-57,"Down"
"YDR186C","YDR186C",1763.55963217011,1.67543676684113,0.104665099074024,16.0075973907614,1.13093328475116e-57,4.50426625459497e-56,"Up"
"FIM1_4022","FIM1_4022",251.777218127554,2.95836170605329,0.18501722810626,15.9896553220127,1.50863390187365e-57,5.95971717821469e-56,"Up"
"RPL12B","RPL12B",9031.20403394967,-1.69952358745056,0.106382510927419,-15.9755919712225,1.8905105792867e-57,7.4080571812533e-56,"Down"
"SAM3","SAM3",2951.3427524231,1.33467580297255,0.0835653692354536,15.9716377152833,2.01426899418295e-57,7.82986643418795e-56,"Up"
"SSB","SSB",51841.8706433436,-1.34686789584006,0.0843433336828723,-15.9688719550051,2.10559501324075e-57,8.11990965820382e-56,"Down"
"RPS10A","RPS10A",9444.32556513822,-1.30294454961469,0.0816149767500522,-15.9645276087622,2.25744345885287e-57,8.6369431232804e-56,"Down"
"EMC10","EMC10",974.817296969863,-1.51809621056478,0.0952170569710476,-15.9435321659478,3.15977472503315e-57,1.19948010851063e-55,"Down"
"TOS1","TOS1",3597.91252229209,1.3112190099934,0.0825318754147391,15.8874253541951,7.74436519577403e-57,2.91704422374155e-55,"Up"
"RNR2","RNR2",4886.15690058746,-1.38917535662355,0.0875410730905298,-15.8688408489915,1.04146565239706e-56,3.89267815769024e-55,"Down"
"PSY2","PSY2",1173.77829462931,1.54293811002013,0.0972804005508598,15.8607294098615,1.18509452875721e-56,4.39570558414601e-55,"Up"
"LDB19","LDB19",2698.28437012087,1.567037542267,0.0988783867395227,15.8481301519924,1.44826324242136e-56,5.33114476888287e-55,"Up"
"RPL10A","RPL10A",9703.98078175217,-1.33455894035672,0.0842364186416274,-15.8430161428684,1.57101153208761e-56,5.73950754467196e-55,"Down"
"DYS1","DYS1",3625.80378165959,-1.19240830234558,0.0753226308362129,-15.8306778335775,1.91150829298456e-56,6.93135731015818e-55,"Down"
"YNL284C-A","YNL284C-A",19393.5325375553,-1.51298189731423,0.0956584001666423,-15.8165084789054,2.39406117411888e-56,8.61684684818049e-55,"Down"
"UPS2","UPS2",18216.0440955118,1.22201837538213,0.0774403305143952,15.78012861341,4.26318502469633e-56,1.52314823786761e-54,"Up"
"FIM1_2583","FIM1_2583",1610.7375680023,-1.31683197931982,0.0834800611485763,-15.7742095681524,4.68223016253553e-56,1.6606537488876e-54,"Down"
"GAS5","GAS5",2750.38269623859,-1.34691660213535,0.085481377945036,-15.7568424201281,6.16365317642299e-56,2.17023121624922e-54,"Down"
"FIM1_1711","FIM1_1711",22310.3512132922,-2.01360752904558,0.127905990546659,-15.7428711543502,7.68749625146646e-56,2.68730534430759e-54,"Down"
"fnx1","fnx1",12367.9629980447,-1.50723328661173,0.0957925328656308,-15.7343504918691,8.7954596253283e-56,3.05265273710501e-54,"Down"
"TNA1","TNA1",1402.81461678436,-2.21278520303232,0.14065556831035,-15.7319417184388,9.13657062621647e-56,3.14855295551673e-54,"Down"
"FIM1_4516","FIM1_4516",10111.4031242588,1.28452540979691,0.0817033147935548,15.7218273584444,1.07187067461147e-55,3.66776028727967e-54,"Up"
"RPL9B","RPL9B",5359.11766287491,-1.3151929273335,0.0836644054549882,-15.7198622303135,1.10563839381709e-55,3.75685101787221e-54,"Down"
"RAG5","RAG5",34006.4723879637,-1.6397535991269,0.10448591556679,-15.6935371646213,1.67458524912846e-55,5.65056230938554e-54,"Down"
"SPP41","SPP41",1404.50763363402,1.43798520388464,0.0917303584380407,15.6762191750938,2.19963491614069e-55,7.37105245346732e-54,"Up"
"PMT4","PMT4",2949.12660517649,-1.9806701466461,0.126546154551977,-15.6517608429781,3.23152909951383e-55,1.07547944483135e-53,"Down"
"IRR1","IRR1",1046.07286242902,-1.88145928495266,0.120396766260154,-15.6271579660801,4.75545150782215e-55,1.57188699840189e-53,"Down"
"TMA19","TMA19",11597.99925916,-1.27455557198401,0.0816871830693921,-15.6028831463229,6.95795451343097e-55,2.28437168788926e-53,"Down"
"SEC27","SEC27",3048.32965486192,-1.59389919736132,0.102252671062028,-15.5878490097774,8.80486708634329e-55,2.87133215923101e-53,"Down"
"RPL15A","RPL15A",8751.02136640525,-1.37993835890342,0.0885386352761135,-15.5857197775862,9.10321850213743e-55,2.94883591345905e-53,"Down"
"GIP1","GIP1",1372.68131654325,1.87651231495576,0.12046704993792,15.5769757450089,1.04377443456571e-54,3.35874170698992e-53,"Up"
"MTQ2","MTQ2",645.027879973588,-1.90539348361873,0.122347943297025,-15.5735636601017,1.10098457830753e-54,3.51952899078703e-53,"Down"
"MET2","MET2",2639.2991969278,1.24722236800937,0.0802391526086141,15.543812807857,1.75239911877926e-54,5.56529890075059e-53,"Up"
"CTR1","CTR1",196825.739881992,-1.18537282536602,0.0763637353289565,-15.5227192627458,2.43509154607233e-54,7.68318819634122e-53,"Down"
"OMS1","OMS1",3677.7462959114,-1.28939900931916,0.0830978447895214,-15.5166359920054,2.67723229416982e-54,8.39269143056204e-53,"Down"
"FLO9","FLO9",9096.43502099145,1.9109246668929,0.123468564068949,15.4770137751483,4.9596641418412e-54,1.5448082093081e-52,"Up"
"RPL17B","RPL17B",8203.3417502158,-1.28347120132765,0.0832531295985556,-15.4164919386996,1.26808096564856e-53,3.92183293303672e-52,"Down"
"PSD1","PSD1",1632.27852145245,1.3807238307937,0.0895635988328023,15.4161271854567,1.27526158349414e-53,3.92183293303672e-52,"Up"
"YKL070W","YKL070W",1986.96988977295,-2.13917993877164,0.138817470957933,-15.4100195314744,1.40169474479477e-53,4.28354387733194e-52,"Down"
"HSF","HSF",22595.1230921741,1.18874892310764,0.0773991334078906,15.3586851785921,3.0979387873529e-53,9.40805285484234e-52,"Up"
"PLB1","PLB1",19333.9880851361,1.46387869579989,0.0958711968312181,15.2692231262853,1.22625247205932e-52,3.70084519362498e-51,"Up"
"ERG13","ERG13",1158.27598219227,-1.67906895043395,0.110120013960952,-15.2476274751412,1.70724643243193e-52,5.1206854414733e-51,"Down"
"ALO1","ALO1",6432.01168079079,-1.10084471627566,0.0722466319989411,-15.2373153712105,1.99917497681909e-52,5.95950381126624e-51,"Down"
"YNG1","YNG1",911.991181098265,1.43551142946433,0.0942678843073084,15.2280009253696,2.30533193226402e-52,6.83024869443346e-51,"Up"
"MDM32","MDM32",6852.39660837024,1.37808659095423,0.0909368588423937,15.1543236537634,7.09419560275825e-52,2.08913311720014e-50,"Up"
"HUL4","HUL4",3553.96761875874,1.20583349174681,0.0797104811766591,15.1276654455814,1.06403602651414e-51,3.11454882700734e-50,"Up"
"CRR1","CRR1",539.49824911637,1.81323906059415,0.119904773964659,15.1223258310682,1.15393853891301e-51,3.35747746142415e-50,"Up"
"RPP2A","RPP2A",2472.61814386476,-1.68370059306394,0.11136395339679,-15.1189010600666,1.21554204325808e-51,3.5156659453518e-50,"Down"
"TDA7","TDA7",4465.00392028735,1.42844887109011,0.0945065162047779,15.1148188342371,1.29326272683629e-51,3.7183216507086e-50,"Up"
"SFG1","SFG1",483.652726719277,-1.75663003868175,0.116440585998366,-15.0860631936908,2.00026379413647e-51,5.71722457394653e-50,"Down"
"RPS20","RPS20",7525.63983814714,-1.25971064740611,0.0835243280018044,-15.0819608794565,2.12852244433737e-51,6.04824009183349e-50,"Down"
"SPE3","SPE3",4373.26880916755,-1.83736982289041,0.121930513444296,-15.0689911080364,2.59038481419138e-51,7.31783710009065e-50,"Down"
"FIM1_174","FIM1_174",285.38561678693,-2.5863056831337,0.171807996077781,-15.0534651598103,3.27614770032035e-51,9.20161946581305e-50,"Down"
"RPL11","RPL11",6399.2004748033,-1.42610491707742,0.0947811825310415,-15.0462874485699,3.65159742983067e-51,1.01971907537628e-49,"Down"
"VHT1","VHT1",7822.76960113921,-1.46732250271901,0.0976017368501974,-15.0337745010738,4.41136700320825e-51,1.22484755820508e-49,"Down"
"DPL1","DPL1",10713.9175389024,1.40463646393633,0.0936242232270774,15.0029171460201,7.02621297552097e-51,1.93979368454866e-49,"Up"
"ADE17","ADE17",12261.7963157714,-1.2031158964722,0.0804448981426903,-14.9557762424928,1.42806777894934e-50,3.89830412242406e-49,"Down"
"PBS2","PBS2",5091.58960234615,1.42213579531016,0.0950874862700985,14.9560773041213,1.42162376890316e-50,3.89830412242406e-49,"Up"
"YCR043C","YCR043C",638.148599974239,1.73139253987492,0.116017956877532,14.9234875916886,2.31832563012208e-50,6.29315320489565e-49,"Up"
"RPL25","RPL25",5863.84970227436,-1.35512744532238,0.0908896889681751,-14.9095839220759,2.85526226546435e-50,7.7076218599396e-49,"Down"
"FOX2","FOX2",12959.980140775,-1.56095729459762,0.104908190601652,-14.8792700135755,4.49375790319906e-50,1.20636296417924e-48,"Down"
"RPL5","RPL5",17715.2441471823,-1.11454929441768,0.0749437308110059,-14.8718149250984,5.02328709904299e-50,1.34110725353021e-48,"Down"
"ywnB","ywnB",1623.47134433668,-1.7738834172432,0.119477431910363,-14.8470166196244,7.27342233404515e-50,1.93123273885931e-48,"Down"
"CHO2","CHO2",6213.80944915759,1.98369899450464,0.1336313564655,14.8445622866724,7.54456391778082e-50,1.99233891720092e-48,"Up"
"NAS2","NAS2",714.630849753479,-1.59154211554803,0.1072423088675,-14.8406177781421,8.00156711971652e-50,2.101600791065e-48,"Down"
"FIM1_841","FIM1_841",3731.7764130298,1.13431546024746,0.0766867196098425,14.7915501669454,1.66084156676761e-49,4.338725361787e-48,"Up"
"YRM1","YRM1",4132.05841551041,1.38548281086542,0.0937072163092272,14.7852306944369,1.82431171551275e-49,4.74028375704624e-48,"Up"
"HEM15","HEM15",10265.5276131619,1.40973628128825,0.0955542735959876,14.753252034009,2.93189548440021e-49,7.57770221207479e-48,"Up"
"GAL6","GAL6",1370.75102246376,-1.57311971454392,0.106841090441819,-14.7239204320978,4.52640347684157e-49,1.16369283036895e-47,"Down"
"EGD2","EGD2",1930.30905086833,-1.52996392339185,0.10414730028118,-14.690384861261,7.42906536990566e-49,1.89988571749324e-47,"Down"
"HSP78","HSP78",71015.2711030064,1.42828130865109,0.0972482666256234,14.6869590400983,7.81427303603963e-49,1.98793469539877e-47,"Up"
"HOF1","HOF1",863.806050455418,2.32619810342709,0.158392318767663,14.6863062648844,7.88989677462834e-49,1.99671918895412e-47,"Up"
"KCS1","KCS1",3509.91597514353,1.36093360782566,0.0927768151799519,14.6688976678706,1.01988483921477e-48,2.5676789812148e-47,"Up"
"RPS8B","RPS8B",10658.3228684196,-1.34120870747916,0.0914574613057116,-14.6648363985957,1.08277825787752e-48,2.71196884279735e-47,"Down"
"RPL3","RPL3",24950.7868487423,-1.01231813355105,0.0690508414503588,-14.6604749817396,1.15462417168754e-48,2.87708658986141e-47,"Down"
"ADH1","ADH1",192868.274148677,-1.24518575172954,0.0849542953074015,-14.6571253074835,1.21300837518802e-48,3.00714678318296e-47,"Down"
"isp4","isp4",2428.12367917989,1.48907311406069,0.101728743381243,14.6376831617802,1.61477519914063e-48,3.98283893026616e-47,"Up"
"QNS1","QNS1",5798.18093128057,-1.28557191713565,0.0879320542340725,-14.6200600945077,2.09215579114538e-48,5.13423484301788e-47,"Down"
"PTP3","PTP3",2114.24793668619,1.40921861751025,0.0964003825874156,14.6183923723786,2.14403347069583e-48,5.23510484126182e-47,"Up"
"CDC60","CDC60",10928.7691486652,-1.28449203462933,0.0881299620331323,-14.5749754680075,4.0526818018791e-48,9.84599043766527e-47,"Down"
"VID24","VID24",6212.46984381197,-1.1731356520417,0.0805468970765078,-14.5646287395452,4.71539285051947e-48,1.13990516719772e-46,"Down"
"ERP4","ERP4",2110.98770988595,-1.68166959470537,0.115589506856293,-14.5486354293052,5.95796826088475e-48,1.43315682077421e-46,"Down"
"RFA1","RFA1",4021.86511378542,-1.21757796917345,0.0840806323837638,-14.481075304193,1.59580971325604e-47,3.81972384074439e-46,"Down"
"MSE1","MSE1",2065.71225663384,1.44033260856493,0.0994914315945328,14.4769512859646,1.69447871716667e-47,4.0360157287808e-46,"Up"
"PEX4","PEX4",1408.2816812981,-1.31776300422292,0.091043397777944,-14.4740094986016,1.76855047051969e-47,4.19189596890496e-46,"Down"
"FIM1_1682","FIM1_1682",3075.20038523972,1.26908828572545,0.0878453947477871,14.4468391242265,2.62456928726228e-47,6.19067095476088e-46,"Up"
"CAP2","CAP2",2481.70600214349,-1.23175200249902,0.0854981383749671,-14.4067698538295,4.69144051784703e-47,1.10124200368206e-45,"Down"
"RPS26A","RPS26A",10657.7090856101,-1.29078264958583,0.0897120157307209,-14.3880687449966,6.14890530989478e-47,1.43641975484513e-45,"Down"
"YPR097W","YPR097W",2380.65439365564,1.30567895681985,0.090900387920866,14.3638436169988,8.72508870084904e-47,2.02847875585768e-45,"Up"
"SEC13","SEC13",2110.59374727009,-1.27968252027339,0.0891976870817503,-14.3465885959638,1.11908088320741e-46,2.58934000547847e-45,"Down"
"TCB1","TCB1",11670.0266115281,1.32433050635421,0.0923584186800353,14.339034007741,1.24780181735526e-46,2.87349243153044e-45,"Up"
"FIM1_1237","FIM1_1237",3782.8561126684,-1.61727941823708,0.113134612621816,-14.2951779367759,2.3450564752474e-46,5.37482519491846e-45,"Down"
"CBR1","CBR1",2014.02493062822,-1.21718709351184,0.08524681927527,-14.2783872038841,2.98428162099478e-46,6.80780488094537e-45,"Down"
"FIM1_3194","FIM1_3194",6303.00338995967,1.1627243894558,0.0815186066557953,14.2633005782998,3.70508041139113e-46,8.41261014904182e-45,"Up"
"YPS7","YPS7",506.456043116323,1.84506644757649,0.129365008417217,14.2624846560203,3.74866220397001e-46,8.47197658097222e-45,"Up"
"MGS1","MGS1",805.684022696601,1.50310756921797,0.105520636823772,14.244678713684,4.83767728001066e-46,1.08825342146166e-44,"Up"
"DAP2","DAP2",2235.44922052364,-1.7870116153844,0.125474431903596,-14.2420379058372,5.02402949035331e-46,1.12496586606575e-44,"Down"
"EGD1","EGD1",3940.00495719275,-1.51798622543722,0.107029102723441,-14.1829295659857,1.16864182207902e-45,2.60478468508347e-44,"Down"
"PDE1","PDE1",1022.46543814534,1.66402126084634,0.117346582847728,14.1803981033314,1.2115728130872e-45,2.68814260218753e-44,"Up"
"YEL023C","YEL023C",1580.8671337582,1.84625711544857,0.130262271804657,14.1733833585924,1.33891103952034e-45,2.95716760955879e-44,"Up"
"RPS2","RPS2",8351.79165829229,-1.37567371049273,0.0973513590436292,-14.1310170089788,2.44586327548792e-45,5.37757902968135e-44,"Down"
"SEC6","SEC6",2321.32793130861,-1.13658374069364,0.0805481255661979,-14.1106168852998,3.26707501990772e-45,7.15077365843766e-44,"Down"
"HFD1","HFD1",4575.39361942024,-1.03496817960349,0.0733891912503208,-14.1024606208475,3.66755151001729e-45,7.9913151511991e-44,"Down"
"MET32","MET32",654.921258587517,1.56880729281736,0.111380227906996,14.0851506797718,4.68658114771157e-45,1.01661150878261e-43,"Up"
"RPS6","RPS6",13539.2357659547,-1.23694237346307,0.0878468397604267,-14.0806701394885,4.99340190380215e-45,1.07835288224776e-43,"Down"
"RDI1","RDI1",3069.44701261431,-1.49832903562651,0.106627558413035,-14.0519867276952,7.49028432754649e-45,1.6104111304225e-43,"Down"
"ABZ1","ABZ1",1176.33315312915,-1.42912453705803,0.101744361968237,-14.0462283060381,8.1247362737383e-45,1.73912306405702e-43,"Down"
"GAP1","GAP1",264144.338889192,-1.10049453054992,0.0784650347143732,-14.0252857155537,1.09171581277e-44,2.32659962028483e-43,"Down"
"SAC7","SAC7",2573.75775155182,1.2352842897757,0.0883299635827795,13.9848839473146,1.92791072863465e-44,4.09070665084531e-43,"Up"
"FIM1_4577","FIM1_4577",1138.10052722809,-1.53714683589281,0.1099357286091,-13.9822317579616,2.00112937472288e-44,4.22760331816455e-43,"Down"
"YDL144C","YDL144C",5899.17960124785,-1.07159151766074,0.0767074378918818,-13.9698515178037,2.381225885727e-44,5.00882102976083e-43,"Down"
"UBP13","UBP13",6351.76797650596,1.09562322311192,0.078513769325663,13.9545360326218,2.95216604918302e-44,6.18300639352599e-43,"Up"
"ADE3","ADE3",4876.99014533941,-1.62342459735575,0.116500456667727,-13.9349204611785,3.88633099958706e-44,8.1045846896968e-43,"Down"
"EMC2","EMC2",1096.1920064074,-1.56501413169404,0.112326428321404,-13.9327329737219,4.0072331275308e-44,8.32100246438982e-43,"Down"
"RPT3","RPT3",4791.94272410386,-1.17334865232811,0.0843495480039696,-13.9105505612536,5.46570957295187e-44,1.13012267297758e-42,"Down"
"FIM1_89","FIM1_89",4924.98513437772,-1.37802898887916,0.0990905390347525,-13.9067665016523,5.76263288231929e-44,1.18646750742328e-42,"Down"
"IMO32","IMO32",2667.27394427318,1.41363648433131,0.101767644068327,13.8908245078582,7.20016833819349e-44,1.47618641161528e-42,"Up"
"PTC1","PTC1",1206.70711533378,1.49070202745381,0.107356646869574,13.8855121776004,7.75440898891626e-44,1.58313753265311e-42,"Up"
"YOS9","YOS9",1258.17991001864,-1.32212920969238,0.0952306417681895,-13.883443239947,7.98157057229853e-44,1.62269671174889e-42,"Down"
"MIS1","MIS1",1352.2301325919,-1.6288568504542,0.117327027521256,-13.8830488154922,8.0256223714899e-44,1.62485412929456e-42,"Down"
"VHS3","VHS3",5884.35876285159,1.14769235517017,0.082976301823538,13.8315679290085,1.64397649392432e-43,3.31455675683745e-42,"Up"
"HUT1","HUT1",261.827663605823,-2.36340776920162,0.170882055524483,-13.8306375233355,1.66537965486452e-43,3.34383460453996e-42,"Down"
"IRC3","IRC3",1081.84601819654,1.32828554716566,0.0960762986867963,13.82531972319,1.79313985504462e-43,3.58554179245343e-42,"Up"
"SER3","SER3",5893.6757258102,-1.81439252666835,0.131274386645784,-13.8213750071756,1.89416825488062e-43,3.77203424199383e-42,"Down"
"ERD1","ERD1",358.080437879768,1.90341212974893,0.138245301057974,13.7683676420273,3.95038400780739e-43,7.83465954854534e-42,"Up"
"IAH1","IAH1",235.909313219969,2.25325108201942,0.163859679409392,13.7511014920872,5.01599770024962e-43,9.9076149697207e-42,"Up"
"TOM20","TOM20",5170.44641259866,-1.00380916740353,0.07321605314347,-13.710233265873,8.81739097298736e-43,1.73456286387634e-41,"Down"
"GVP36","GVP36",6025.72676661619,-1.27865590102639,0.0933493782362792,-13.697529915946,1.0503710664571e-42,2.05796492415928e-41,"Down"
"SOK2","SOK2",3517.78021439972,1.51564320141831,0.11067453435352,13.6945974995204,1.09364695624693e-42,2.1341488194393e-41,"Up"
"YPR011C","YPR011C",1740.93472203084,1.35975384362665,0.0995578142244446,13.6579318682228,1.81053043650325e-42,3.51894695638772e-41,"Up"
"KNH1","KNH1",3009.95854756954,1.3912062660374,0.101885544577588,13.6545991073146,1.89529486034455e-42,3.66901901450764e-41,"Up"
"PDH1","PDH1",59399.2674359365,-5.53553740114707,0.405594309524374,-13.647966135517,2.07591870396206e-42,4.00273372323479e-41,"Down"
"YMR252C","YMR252C",1700.6288095442,-1.15512634513857,0.0847675911917371,-13.6269808885541,2.7679645414544e-42,5.31602359957586e-41,"Down"
"SFK1","SFK1",17838.0073031314,1.51553904626394,0.111907481415572,13.5427857645722,8.7410076367786e-42,1.67214787823257e-40,"Up"
"ANP1","ANP1",1360.05978594284,1.24672352008299,0.0922895573672549,13.5088254364663,1.38716934904412e-41,2.64323759490406e-40,"Up"
"FMP46","FMP46",4200.89054649999,1.48562515474601,0.110006061297054,13.5049390663511,1.46234693692376e-41,2.77560303379397e-40,"Up"
"dsd1","dsd1",917.283573822592,-1.59486644809314,0.118334322896242,-13.4776319250295,2.11796025350922e-41,3.98882514410903e-40,"Down"
"HSV2","HSV2",1636.18810000918,-1.30019878685944,0.0964688396505191,-13.4779146465295,2.10986143064593e-41,3.98882514410903e-40,"Down"
"BTN1","BTN1",976.43640311872,1.32540112119084,0.0984272606860159,13.4657930328761,2.48634311038358e-41,4.66453327156519e-40,"Up"
"BUL1","BUL1",2369.95377950845,1.23711210699137,0.0921475805585128,13.4253346587415,4.29639071279142e-41,8.02929325902057e-40,"Up"
"PAT1","PAT1",4753.26981628592,-1.13073872745927,0.0842429585588908,-13.4223529990204,4.47282568299091e-41,8.32699616615051e-40,"Down"
"YLR152C","YLR152C",8820.33052978248,-1.14240973411247,0.0851249427847547,-13.4203876882614,4.59304115324431e-41,8.51816296321148e-40,"Down"
"RPN9","RPN9",1551.48392354298,-1.16218437073101,0.0866640205347384,-13.4102291073048,5.26758450479788e-41,9.73201258890225e-40,"Down"
"NRM1","NRM1",602.218252520443,1.72181753190268,0.12859235992744,13.389734295834,6.94286764073885e-41,1.27785582827084e-39,"Up"
"DSE4","DSE4",736.964279695973,1.63258215907313,0.122238455339518,13.355716534037,1.09697470334702e-40,2.01139625794837e-39,"Up"
"SAR1","SAR1",2610.29534767728,-1.11646528904768,0.0836699136552532,-13.3436887917427,1.28918990499478e-40,2.35495253698106e-39,"Down"
"OAF3","OAF3",1784.94491858549,1.20192305248622,0.0902548961801343,13.3169844889897,1.84406564157007e-40,3.35592320314194e-39,"Up"
"fabG","fabG",3099.63038454179,-1.4952225575713,0.112452621549854,-13.2964668761272,2.42666994038956e-40,4.3996974777436e-39,"Down"
"ADH6","ADH6",25296.8766076956,1.64956925603623,0.12409294172903,13.2930143572407,2.54130339631214e-40,4.59040639504859e-39,"Up"
"TEF2","TEF2",191485.162324477,-0.982760191587493,0.0739339050871867,-13.2924155761632,2.56172554784472e-40,4.61015719888056e-39,"Normal"
"HEM1","HEM1",9452.11496835361,1.14123777900189,0.0859628936944267,13.2759348825397,3.1926153624481e-40,5.72432400226395e-39,"Up"
"KAP104","KAP104",1504.96969534097,1.20968680987078,0.091162030780434,13.2696342930791,3.47271346920593e-40,6.20364512752634e-39,"Up"
"MRX5","MRX5",8218.89245542265,1.2890210190799,0.097300297655052,13.2478630604988,4.64234406949102e-40,8.26269224676075e-39,"Up"
"OSH3","OSH3",4500.96107471881,-1.0830749759171,0.0818470474437427,-13.2329144391134,5.66474269689416e-40,1.00456148774484e-38,"Down"
"SAK1","SAK1",1061.4512085741,1.61955366144208,0.122435858317795,13.2277723511225,6.06586651301868e-40,1.07178346860937e-38,"Up"
"SEO1","SEO1",2951.49500215671,-1.61508863913416,0.12226648805713,-13.2095774140458,7.72569275605237e-40,1.3601138080311e-38,"Down"
"FIM1_2953","FIM1_2953",2462.90480660652,-1.39829289178519,0.105871984724825,-13.2073928284194,7.95316618307151e-40,1.3951059380341e-38,"Down"
"FIM1_2579","FIM1_2579",1408.62060348614,-1.38612474884178,0.104954925424773,-13.2068575460549,8.00991164544049e-40,1.400005780043e-38,"Down"
"PNS1","PNS1",5494.50887624576,1.29521848928774,0.0981308131133812,13.1988969437279,8.90291546055937e-40,1.55051133415262e-38,"Up"
"YDR391C","YDR391C",1130.24101680824,1.26299733263704,0.0956955886666811,13.1980726618048,9.00085732259198e-40,1.5619702046598e-38,"Up"
"MAE1","MAE1",3444.0097762806,1.2777193611149,0.0968422458402238,13.1938220766065,9.52318017185972e-40,1.64673069235112e-38,"Up"
"fmo1","fmo1",1261.82781300927,-1.69746421985148,0.128664250290369,-13.1929748630303,9.6308353679744e-40,1.65944074655984e-38,"Down"
"PUP1","PUP1",2693.11558373661,-1.18453223084415,0.0899180042131349,-13.173471110818,1.24728610210438e-39,2.14154175622798e-38,"Down"
"HEM3","HEM3",2187.00192900607,1.40811147254387,0.106898505048305,13.1724150109263,1.26485980488789e-39,2.16406823660221e-38,"Up"
"PHO8","PHO8",4819.80544489776,-0.962304354092649,0.073098530913765,-13.1644828160485,1.40496389001675e-39,2.39534019003207e-38,"Normal"
"GET4","GET4",1725.98697303178,-1.15210615294506,0.0875573671806418,-13.1583005524608,1.52476949523872e-39,2.59050873334438e-38,"Down"
"FIM1_4631","FIM1_4631",1159.30113219873,-1.18492829798865,0.0900686929882288,-13.1558287200138,1.57546594710506e-39,2.66731325330436e-38,"Down"
"SNT1","SNT1",10878.9966878477,0.999608634954616,0.0760911065606385,13.1369969519106,2.02088920255171e-39,3.40954883166623e-38,"Normal"
"SMC1","SMC1",1847.431473407,-1.47442992830726,0.11230715185606,-13.1285488407451,2.25944853314347e-39,3.79884443686648e-38,"Down"
"ARO1","ARO1",5380.24571534753,-1.22669036374283,0.0936228115589029,-13.1024730331994,3.18701265237579e-39,5.32479644530615e-38,"Down"
"PHO89","PHO89",568.209448767004,1.55149138242415,0.118412521658506,13.1024266749301,3.18896020906378e-39,5.32479644530615e-38,"Up"
"EFM3","EFM3",509.832113341853,1.5067066040262,0.115098435006364,13.0905915787898,3.7269372938057e-39,6.20177681869928e-38,"Up"
"FIM1_4300","FIM1_4300",1051.62429870394,-1.58026725446654,0.120801501624871,-13.0815199580366,4.19957734901616e-39,6.96441854568925e-38,"Down"
"MAP2","MAP2",6246.38450574204,-1.0208492117466,0.0781124937033561,-13.0689619975958,4.95368510693999e-39,8.18705984170797e-38,"Down"
"YDL177C","YDL177C",1698.56873084478,1.26386965416781,0.0968403254242869,13.0510678132319,6.26629089769147e-39,1.03213245667399e-37,"Up"
"MSC1","MSC1",45904.0049700097,1.57877078272931,0.120996298444892,13.0480915781763,6.51592187488175e-39,1.06962379696116e-37,"Up"
"PHO81","PHO81",2596.14410106776,1.03288829096195,0.0791822225935474,13.0444468105411,6.83513008889644e-39,1.11824569366828e-37,"Up"
"MNS1","MNS1",2039.42389332378,-1.38968367944033,0.106550850987047,-13.042445616969,7.01695691318935e-39,1.14414072621433e-37,"Down"
"FIM1_1040","FIM1_1040",7960.91893020711,0.912748218574238,0.0700588909362636,13.0282995687816,8.44691627489009e-39,1.3726945210599e-37,"Normal"
"sdh","sdh",6838.76390567816,-1.38890900144083,0.106763364065892,-13.0092285269658,1.0843121570518e-38,1.75622425703823e-37,"Down"
"LDH1","LDH1",470.277898102701,1.55389282206447,0.119562751808814,12.9964625149245,1.2813456482898e-38,2.06845797509639e-37,"Up"
"RPN1","RPN1",10938.3503202858,-1.33544779714627,0.102837921220685,-12.9859470251296,1.47008438873965e-38,2.36527816055826e-37,"Down"
"YCP4","YCP4",9719.47916214357,-0.928911238331359,0.0717742656138055,-12.9421211124546,2.60340949207038e-38,4.17490650890097e-37,"Normal"
"UBP14","UBP14",3411.95443845535,-1.09651807173201,0.0848064175620735,-12.9296591372867,3.0617322500373e-38,4.89373585622738e-37,"Down"
"YOR302W","YOR302W",2814.72093941699,1.40684667845093,0.108811822049732,12.9291712237659,3.08122296650859e-38,4.90874176861156e-37,"Up"
"ASP1","ASP1",3225.68494085777,-1.70074273573999,0.131634549531351,-12.9201850258539,3.46307696341242e-38,5.49904933503952e-37,"Down"
"TIF6","TIF6",2844.02933233616,-1.02424385656549,0.0793176082041401,-12.9131964485034,3.79225766812094e-38,6.00214332553735e-37,"Down"
"TDA2","TDA2",838.092132904269,-1.28198196232701,0.0993351290309126,-12.9056253797996,4.18404804697694e-38,6.60074333125356e-37,"Down"
"YMR155W","YMR155W",3244.20729587937,1.12327165267743,0.0872897018251118,12.8683181313639,6.78638072568129e-38,1.06715287851409e-36,"Up"
"VCX1","VCX1",4133.46855538554,1.20299773416462,0.0935498725744882,12.8594267534329,7.61392188647863e-38,1.19342085310967e-36,"Up"
"VMA11","VMA11",3227.52355778508,-0.977236353630191,0.0760769964724425,-12.8453592931232,9.13269287852725e-38,1.42687314137505e-36,"Normal"
"TAH11","TAH11",518.087087676862,1.41569020064717,0.110303332237353,12.8345188847139,1.05053548319279e-37,1.63607433103646e-36,"Up"
"AIP1","AIP1",2350.57340514671,-1.23962918851563,0.0966076148131298,-12.8315888029476,1.09103582817734e-37,1.69371983677755e-36,"Down"
"FIM1_2454","FIM1_2454",1319.20722096858,-1.27617994247742,0.0995318890407471,-12.8218197682852,1.23761320833289e-37,1.91514731824507e-36,"Down"
"SVF1","SVF1",12620.974839223,-0.984485864949976,0.0767956406308227,-12.8195540380041,1.27431343109812e-37,1.96567903546215e-36,"Normal"
"STT3","STT3",3213.90030117933,-1.29176568143167,0.100801135531894,-12.8149913650819,1.35153413326716e-37,2.0781975802358e-36,"Down"
"NPC2","NPC2",5491.68355911636,-1.53432245544826,0.119881557649163,-12.7986529832929,1.66819757327569e-37,2.55702587020398e-36,"Down"
"FIM1_605","FIM1_605",2494.07543797966,1.12068053644891,0.0875856500128556,12.7952528329061,1.74284330064398e-37,2.66304264082676e-36,"Up"
"FIM1_4318","FIM1_4318",5570.35842001318,-0.904152619143064,0.0707202920839836,-12.7849107024239,1.9909134702967e-37,3.02307767255365e-36,"Normal"
"RPS29","RPS29",1141.8053102675,-1.59428106702188,0.124699541361134,-12.7849793962336,1.98915516407186e-37,3.02307767255365e-36,"Down"
"PRP3","PRP3",1061.70855486288,1.14289272417222,0.0894391793189979,12.7784348299522,2.16380160868339e-37,3.2753619989385e-36,"Up"
"TYE7","TYE7",21856.0223007708,-1.27619015460253,0.100141185842473,-12.7439089508092,3.37073441720131e-37,5.0864591717954e-36,"Down"
"ENO2","ENO2",158083.731586292,-1.05696394145145,0.0829678850908732,-12.7394345449902,3.56972664721635e-37,5.37006247022422e-36,"Down"
"RFT1","RFT1",845.047037467502,-1.35339872788086,0.106451006176809,-12.7138180886044,4.95545403508001e-37,7.43165159149808e-36,"Down"
"CPR4","CPR4",1768.54364802054,-1.07298722728044,0.0844301272721528,-12.7085823739406,5.29862823187058e-37,7.92185679343359e-36,"Down"
"ARG5","ARG5",7508.43870183756,-1.18532843917304,0.0933488976905005,-12.697830060115,6.07919975774125e-37,9.06099129535728e-36,"Down"
"GAT2","GAT2",1974.05075960034,1.46603828751202,0.115593634938089,12.6826904292543,7.37560225126583e-37,1.09596487274926e-35,"Up"
"RRP5","RRP5",1766.73068033456,-1.45251035664253,0.114964983174883,-12.6343719324779,1.36479538816528e-36,2.02181121679729e-35,"Down"
"SRP102","SRP102",985.559755564783,-1.29849797027447,0.102781338222422,-12.6335966502448,1.37831266031517e-36,2.03562954907946e-35,"Down"
"PDR12","PDR12",19399.788724294,3.04407175863066,0.241152677239887,12.6230062774819,1.57684636529411e-36,2.3217868148376e-35,"Up"
"FIM1_2456","FIM1_2456",510.21884654876,-1.85559479441565,0.147130981521684,-12.6118562876723,1.81663164217592e-36,2.6667713442093e-35,"Down"
"DUR3","DUR3",5174.34231515781,0.989490351069657,0.0784627893286192,12.6109504841264,1.83763320560873e-36,2.68947582712435e-35,"Normal"
"HARS","HARS",3727.94082606224,-0.998133351359122,0.0791826605888913,-12.6054535669284,1.97035818127181e-36,2.87506618702695e-35,"Normal"
"BFR1","BFR1",2402.99678414575,-1.18728768517778,0.0941939433074496,-12.6047136736007,1.98893584166411e-36,2.89348480678021e-35,"Down"
"PEX19","PEX19",2342.17357795664,-1.03693390801621,0.0822962949367125,-12.6000071912548,2.11125261690532e-36,3.06226163150536e-35,"Down"
"RAD33","RAD33",311.128991047078,-1.85309209909737,0.147129010483894,-12.5950150347828,2.24917079492544e-36,3.25259550373295e-35,"Down"
"TSR1","TSR1",2311.19702556721,-1.19921035904779,0.0952343162972332,-12.5922084147164,2.33060346297001e-36,3.3603567437897e-35,"Down"
"ZRG17","ZRG17",1767.39881809022,1.10399011072354,0.0877041456624475,12.5876616479743,2.4687882728874e-36,3.54906574495855e-35,"Up"
"SES1","SES1",5621.10352670409,-1.0678866938833,0.084933392147909,-12.5732255226967,2.96380452220674e-36,4.248119815163e-35,"Down"
"FET4","FET4",7978.86694968086,-1.45080838099016,0.115420959068361,-12.5697134445996,3.09844904328533e-36,4.42804820627159e-35,"Down"
"RPS15","RPS15",6479.29139794174,-1.07043801694151,0.0852037461204701,-12.5632741009768,3.3612999112731e-36,4.7896059439519e-35,"Down"
"GAP3","GAP3",9758.43985120293,-1.59646130900803,0.127099266257489,-12.5607437085733,3.47055160719352e-36,4.93082171326121e-35,"Down"
"IRC22","IRC22",552.220504017917,-1.55999681922227,0.124312939015899,-12.5489497036407,4.02817455941394e-36,5.70638489335053e-35,"Down"
"PUT2","PUT2",10181.3759084623,-1.00972516697077,0.0805111246941212,-12.5414366127281,4.4289298662279e-36,6.25586343604691e-35,"Down"
"RAD61","RAD61",265.719738337467,-2.01783035253598,0.160910868734705,-12.5400500811588,4.50710628256368e-36,6.34783461651505e-35,"Down"
"GID8","GID8",2614.83339732218,-1.23432696632642,0.0984459994758166,-12.5381119893007,4.61868426637797e-36,6.48618117061576e-35,"Down"
"YMR310C","YMR310C",1075.73600532723,1.34238730258888,0.107074045514607,12.5369999437048,4.68394081707339e-36,6.55886698275493e-35,"Up"
"FIM1_3251","FIM1_3251",516.032436797231,1.500809949904,0.11977458664451,12.5302870329112,5.0977844363833e-36,7.11785476332945e-35,"Up"
"MRPS35","MRPS35",3009.30156924706,-1.13946508576779,0.0910497303426127,-12.5147551945522,6.19987276729443e-36,8.63185724248814e-35,"Down"
"FMP32","FMP32",2756.92135265144,-1.05833570334262,0.0845884475178079,-12.5115867993654,6.45222808366326e-36,8.95753607386279e-35,"Down"
"DAM1","DAM1",745.774640701386,1.36312136013428,0.109043311794739,12.500733311367,7.3965824418082e-36,1.02393145540587e-34,"Up"
"MCD1","MCD1",770.805711969651,-1.57753686142486,0.1262259980736,-12.4977174710476,7.68255379336004e-36,1.06049797960047e-34,"Down"
"RQC1","RQC1",1095.93108482573,1.13783381651245,0.0910451155241985,12.497472379065,7.70627124726021e-36,1.06075841332684e-34,"Up"
"PDR1","PDR1",5707.13219630933,1.34490828103753,0.107865247852622,12.4684113540916,1.11017263757239e-35,1.5238217078995e-34,"Up"
"YDR239C","YDR239C",1056.64144286745,1.21744396182274,0.0977245707441273,12.457910559775,1.26645372751224e-35,1.72856703988258e-34,"Up"
"FIM1_2658","FIM1_2658",1971.82987819198,-1.26105084320602,0.101224669115745,-12.4579398897721,1.2659881180409e-35,1.72856703988258e-34,"Down"
"IPT1","IPT1",3696.18517271868,1.15015305775144,0.0923744076503244,12.4509925098005,1.38116824950974e-35,1.87985897041116e-34,"Up"
"PHO87","PHO87",6590.76057180228,1.1701046719207,0.0940088075291066,12.4467558165592,1.45645853836391e-35,1.97679665863414e-34,"Up"
"FIM1_2242","FIM1_2242",121.157433943586,-5.63555023499095,0.45311567961965,-12.4373322055893,1.63886631254591e-35,2.21817588096395e-34,"Down"
"ANT1","ANT1",9218.82650535101,-1.17212780915452,0.0942461800785607,-12.4368733902793,1.64830500748171e-35,2.22475389759824e-34,"Down"
"CSR1","CSR1",2052.96084544714,-1.05957633008311,0.0853784673178939,-12.4103461138268,2.29657858024023e-35,3.09115659872223e-34,"Down"
"CTF4","CTF4",599.152764130363,-1.75071689269861,0.141073133020761,-12.4099951224658,2.306668396596e-35,3.09616070139778e-34,"Down"
"ECL1P","ECL1P",10869.8570654646,-1.0873170658531,0.0876206380357323,-12.409371698591,2.32469844262872e-35,3.11176576659309e-34,"Down"
"NOC4","NOC4",684.350584500597,-1.36132306300803,0.109708786264145,-12.4085144806031,2.34971891174729e-35,3.13661653631322e-34,"Down"
"FIM1_2556","FIM1_2556",1995.89758307975,-1.48847467752977,0.119996533036087,-12.4043140236572,2.47624333235298e-35,3.29645653476798e-34,"Down"
"RPS5","RPS5",15483.7761375039,-1.20792631149555,0.0974260771294338,-12.3983880608349,2.66633374208617e-35,3.53981301988981e-34,"Down"
"ARG8","ARG8",1272.18836871048,1.27138490463497,0.102606009128926,12.3909400183127,2.92593389671733e-35,3.87387269867834e-34,"Up"
"ECM13","ECM13",3289.16246950747,1.15682993340639,0.093365937606366,12.3902781149548,2.95018488684923e-35,3.89536640358707e-34,"Up"
"DAO1","DAO1",2849.22852483217,-1.02798976491036,0.0830443130971871,-12.3788098976422,3.40352205908811e-35,4.46965234732679e-34,"Down"
"FPR1","FPR1",3634.75236722455,-1.31672176659492,0.106367418917131,-12.3789951848014,3.39567432678118e-35,4.46965234732679e-34,"Down"
"SAL1","SAL1",2882.58910513964,0.945730157739194,0.0765183871976932,12.3595150443488,4.32759573847996e-35,5.66786730276931e-34,"Normal"
"RPL4B","RPL4B",20400.8713180661,-1.0172036724585,0.0825059765536027,-12.3288483446728,6.33455877825654e-35,8.27409169450229e-34,"Down"
"FIM1_4074","FIM1_4074",2498.20441362694,-1.41193066494681,0.114704460537407,-12.3092917078526,8.0728532898792e-35,1.05163523151536e-33,"Down"
"HAL9","HAL9",3159.29603974669,1.13513565065017,0.0922266654815096,12.3081068227253,8.19223222177104e-35,1.06433305790335e-33,"Up"
"FIM1_2972","FIM1_2972",1142.39880487404,-1.13614222016047,0.0923141307482096,-12.3073489502852,8.26950698677244e-35,1.07150758529939e-33,"Down"
"PRM10","PRM10",12756.5235590634,1.27631393961135,0.103807494241611,12.2950076864464,9.63476003792217e-35,1.24508774000702e-33,"Up"
"CPA1","CPA1",19706.0719265317,1.09722088624882,0.0892505537273911,12.2937151695461,9.79010175175709e-35,1.26180648307129e-33,"Up"
"ERV25","ERV25",1203.87038348035,-1.27922895991241,0.10420739822894,-12.2757978958652,1.22181307262552e-34,1.57057929097551e-33,"Down"
"PYK1","PYK1",83799.1482409052,-1.07888826658496,0.0879401178257351,-12.2684423589575,1.33802624342982e-34,1.71542731314657e-33,"Down"
"PKC1","PKC1",4876.98572996351,-0.972370745138626,0.0793424744325264,-12.255361987299,1.57245614799094e-34,2.01067484818105e-33,"Normal"
"TIP41","TIP41",2681.90450599522,-1.02626247130324,0.0837636728195425,-12.2518800424879,1.64145943608149e-34,2.09339931756429e-33,"Down"
"GLN4","GLN4",3696.23895860163,-1.05998242956064,0.0865297629499776,-12.2499171779011,1.68167573237157e-34,2.13907392240666e-33,"Down"
"SSS1","SSS1",1697.98604389158,-1.44057724347379,0.117605194266618,-12.2492654551287,1.69524387692481e-34,2.15070234934143e-33,"Down"
"GCV2","GCV2",3371.05648591016,-1.31129293757415,0.107119326580414,-12.2414225278925,1.86730863942057e-34,2.36282621847515e-33,"Down"
"FBA1","FBA1",116281.07302202,-1.03460665793896,0.0845883956559427,-12.2310708214298,2.12123665014676e-34,2.67716594365276e-33,"Down"
"RGD1","RGD1",1334.5473819566,1.17674401679243,0.0962808309426426,12.2219968946202,2.37185999498442e-34,2.98571702477442e-33,"Up"
"POL32","POL32",519.954539312652,1.38905363798912,0.113752002081564,12.2112456270715,2.70712518619767e-34,3.39894606711486e-33,"Up"
"HXT4","HXT4",6905.27523606783,-3.09732322039512,0.25390562797677,-12.1987182603077,3.15755064401809e-34,3.954262520434e-33,"Down"
"CCW14","CCW14",28157.2011428537,-0.920953400028667,0.0755076290036561,-12.1968258331099,3.23178021835356e-34,4.03681750153726e-33,"Normal"
"DOA1","DOA1",2718.5951003214,-1.65136768730302,0.135417343363197,-12.1946542908759,3.31909594825837e-34,4.13525313143267e-33,"Down"
"RIX1","RIX1",579.365416651367,-1.57699576733569,0.129331642499554,-12.1934256525129,3.36953230189712e-34,4.18735484780514e-33,"Down"
"RIM15","RIM15",7380.93795551189,-0.95857481419984,0.0786315069673516,-12.1907216479756,3.48323085546554e-34,4.31760681803751e-33,"Normal"
"SMF2","SMF2",4691.16003834142,0.925472280945072,0.0759661532334933,12.1826924433108,3.84379475688394e-34,4.75241697804048e-33,"Normal"
"SET2","SET2",1031.90009611498,1.18747418575874,0.0975096669867236,12.1780149851237,4.07068869589532e-34,5.0201716683643e-33,"Up"
"HXT14","HXT14",1005.51027456055,1.19189948462562,0.097937526439512,12.1699978338922,4.49094431104296e-34,5.52442997654627e-33,"Up"
"OSW5","OSW5",181.672006883343,-7.24047303802526,0.595575963304539,-12.1570941141608,5.25965247585262e-34,6.45369984347674e-33,"Down"
"HSP10","HSP10",18874.9765945353,1.09277429931495,0.0899064384764225,12.1545722178898,5.42449849617689e-34,6.6392035750437e-33,"Up"
"YDL086W","YDL086W",1937.81037035602,-1.12504622465203,0.0925757633761063,-12.1527080482321,5.54964117796484e-34,6.77530313661587e-33,"Down"
"STE13","STE13",981.840017160067,1.16179270591136,0.0956615766865407,12.1448207959008,6.11163512933753e-34,7.44271556226844e-33,"Up"
"KAP123","KAP123",3446.73635751158,-1.02907294484132,0.0847830170887513,-12.1377249852301,6.6653554991681e-34,8.09674059261445e-33,"Down"
"FIM1_4599","FIM1_4599",1060.8266945854,-1.34258397564361,0.110643007484349,-12.1343770941288,6.94363703824084e-34,8.41374872040205e-33,"Down"
"SPC25","SPC25",358.174023921553,1.54947111435571,0.127846000818531,12.1198246674535,8.29363749857243e-34,1.0024573284966e-32,"Up"
"SAC6","SAC6",7823.28723212585,-0.870960121892433,0.0718833849554884,-12.1162925539991,8.65882166095196e-34,1.04400035857483e-32,"Normal"
"REB1","REB1",2560.49452013871,1.08664913747098,0.0897135383934026,12.1124320468324,9.07624625394219e-34,1.09162080564122e-32,"Up"
"FIM1_3112","FIM1_3112",1272.70019401144,1.1114690803189,0.0917770589887564,12.110532768925,9.28888493948207e-34,1.11443683755416e-32,"Up"
"RPL10","RPL10",25635.3503653352,-0.871395007194396,0.0719875146882252,-12.1048074929155,9.96027710320329e-34,1.19204400109519e-32,"Normal"
"LIA1","LIA1",768.627787790104,-1.35259325953506,0.111774411962094,-12.1010993105806,1.04206268214279e-33,1.24407434214541e-32,"Down"
"ALG5","ALG5",937.43869987046,-1.14567148387476,0.0946975416835756,-12.0982177943218,1.07928896762825e-33,1.28535909159453e-32,"Down"
"SLX4","SLX4",2279.62066500109,1.16764801116083,0.0965254236996169,12.0967923932093,1.0981890736311e-33,1.30467009994462e-32,"Up"
"URA7","URA7",5631.95100112818,-0.938733383596932,0.0776916302985483,-12.0828122667735,1.30189453913166e-33,1.54290379649774e-32,"Normal"
"FMP23","FMP23",571.401577210731,1.89460876232131,0.156903989094146,12.0749559858832,1.43240870660729e-33,1.69344863878463e-32,"Up"
"RPL30","RPL30",3755.35287499054,-1.03177867015093,0.0854683570372049,-12.0720545698777,1.48382738724201e-33,1.74997992102158e-32,"Down"
"HKR1","HKR1",3649.56850694856,1.19291988844322,0.0988217295021101,12.0714330183601,1.49507868469585e-33,1.75897998279349e-32,"Up"
"SSK1","SSK1",1627.00850066033,1.00765589048565,0.0834930409606471,12.0687410458626,1.5447950478514e-33,1.81308191727294e-32,"Up"
"FIM1_3428","FIM1_3428",178.550755113404,-2.81575447039286,0.233394312667585,-12.0643662573014,1.62911611177553e-33,1.90743980412465e-32,"Down"
"SWC3","SWC3",1089.32634015545,1.54567186966546,0.128213331281479,12.0554692263014,1.81495920343413e-33,2.11992470420347e-32,"Up"
"FMP45","FMP45",2655.10744422649,1.71655609999747,0.142431493057621,12.051801628612,1.89756426388714e-33,2.21109466624163e-32,"Up"
"RPT4","RPT4",3967.67205588712,-1.26294097557807,0.104813487929818,-12.0494127284814,1.9533666921906e-33,2.27067195152013e-32,"Down"
"TFB4","TFB4",3521.34235476278,1.0725800519162,0.0890683438511433,12.042213939767,2.13157108900962e-33,2.47191024379421e-32,"Up"
"Nqo2","Nqo2",18172.6542512299,-1.19581912759404,0.0993760721552478,-12.0332701993484,2.37561132869364e-33,2.74835605860057e-32,"Down"
"PAB1","PAB1",7352.95913045112,-1.2839709257858,0.106875846416597,-12.0136679037932,3.01183920485769e-33,3.47613460722174e-32,"Down"
"FRE3","FRE3",4800.49458967575,1.01851608932384,0.0848291522738562,12.0066753235461,3.2775868252871e-33,3.77388492513508e-32,"Up"
"PGA3","PGA3",1059.786520002,-1.1373160367353,0.094740835231789,-12.0044966244259,3.36505068713079e-33,3.86543292878688e-32,"Down"
"REX2","REX2",1246.36455373015,1.03012760559463,0.0859659723083834,11.9829692834658,4.36407807345231e-33,5.00119230162849e-32,"Up"
"FPR3","FPR3",3562.22400074295,-0.950159687743327,0.0794957162656646,-11.9523382186785,6.31238685888297e-33,7.21691476407349e-32,"Normal"
"FIM1_2445","FIM1_2445",995.877529281175,1.35203802263712,0.113143274314988,11.9497869477692,6.5091889041935e-33,7.42444809518221e-32,"Up"
"ERP1","ERP1",1366.54224034217,-1.08672369656332,0.09096925613178,-11.9460545548385,6.80812906418251e-33,7.7472363285393e-32,"Down"
"URH1","URH1",812.870454499024,1.44155124126794,0.120740262295603,11.9392753822139,7.38638680513279e-33,8.38561997339725e-32,"Up"
"TWF1","TWF1",2007.85316813362,-1.08220007373554,0.0906749053355483,-11.934945724297,7.78096273300341e-33,8.81298319805678e-32,"Down"
"SNQ2","SNQ2",8922.28801986191,0.854430345169496,0.0716650278170652,11.9225565271606,9.02945683348202e-33,1.02032862218347e-31,"Normal"
"JJJ1","JJJ1",937.91528629722,1.1837667993478,0.0993932218838516,11.9099348719283,1.05059287177862e-32,1.18441549048082e-31,"Up"
"STB1","STB1",895.882579251999,-1.29297648006461,0.108572466587461,-11.9088800384124,1.06396708057307e-32,1.19671667696864e-31,"Down"
"YDL180W","YDL180W",605.873047347085,1.37782931517572,0.115754293206521,11.9030515154845,1.14097312498866e-32,1.28036683933486e-31,"Up"
"BNI5","BNI5",2066.43201442278,1.06095526971989,0.0891957272339238,11.8946871405336,1.26124771409029e-32,1.41207434165086e-31,"Up"
"URA5","URA5",6103.32517998771,-1.11889919816043,0.0940806812510419,-11.8929750856586,1.28737640123052e-32,1.43801423760439e-31,"Down"
"RTS3","RTS3",11833.2027807075,-1.0109409517546,0.0851391831909995,-11.8739799216381,1.61593143458047e-32,1.80087404601525e-31,"Down"
"MRF1","MRF1",1315.21350692669,1.18174874188855,0.0998955242521379,11.8298467397378,2.73640953969064e-32,3.04261188864e-31,"Up"
"NPR1","NPR1",4960.23194551039,1.02275907670933,0.0864688562461085,11.8280629710001,2.79517721419127e-32,3.10085983647383e-31,"Up"
"LEU1","LEU1",2972.03602070071,-0.956568468846558,0.0809603970268728,-11.8152640547087,3.25524548096951e-32,3.60301544237605e-31,"Normal"
"DNAJB13","DNAJB13",9765.4538274599,0.954203610744687,0.0808291453000016,11.8051923870172,3.66950715893896e-32,4.05230347392827e-31,"Normal"
"ARO8","ARO8",44608.5335919512,-1.00084613070166,0.0848644321314218,-11.7934699563151,4.21796972295071e-32,4.64741834100171e-31,"Down"
"MEP2","MEP2",946.089857992786,1.10174178752825,0.093704203781141,11.7576559329346,6.45001988472246e-32,7.09064403164399e-31,"Up"
"FIM1_2453","FIM1_2453",380.964133719708,-1.43150672656082,0.121781682685765,-11.7546965601926,6.68002902664583e-32,7.32692122809754e-31,"Down"
"FLC2","FLC2",1951.59247931202,1.02833163300187,0.0875797369775537,11.7416615816674,7.79399528537014e-32,8.52950970531835e-31,"Up"
"SSA1","SSA1",7896.93534365049,1.06450010583088,0.0907685265706622,11.7276345232086,9.19936801421121e-32,1.00448829620342e-30,"Up"
"MOT1","MOT1",5496.93384395585,0.993114051072621,0.084732813485228,11.7205367109137,1.00036201896753e-31,1.08985628927427e-30,"Normal"
"HSP12","HSP12",123825.733200893,1.46090449228243,0.124758465704309,11.7098626055961,1.13463333222212e-31,1.23337435375107e-30,"Up"
"LYS9","LYS9",4225.32401622739,-1.15751657552592,0.0989997970083036,-11.6921105952251,1.39866935432213e-31,1.51699428407394e-30,"Down"
"FIM1_2146","FIM1_2146",3542.63597939168,-1.26044724593399,0.107858122229405,-11.6861597428252,1.50017766016584e-31,1.62346620283871e-30,"Down"
"PUT3","PUT3",8033.77664598897,1.12686475780263,0.0964424412432623,11.6843242796009,1.53293811079705e-31,1.65523250674731e-30,"Up"
"MRP2","MRP2",3446.37803917171,-1.03863111932892,0.0889423051492224,-11.6775826485086,1.65947931691947e-31,1.78789578734184e-30,"Down"
"FIM1_941","FIM1_941",522.244857112612,1.42820742373203,0.122367550574139,11.6714555209367,1.78345510366566e-31,1.91721423644058e-30,"Up"
"YLR118C","YLR118C",604.060699773494,-1.39325713567329,0.119470559036013,-11.6619286535129,1.99472179124329e-31,2.13959231427177e-30,"Down"
"TRM5","TRM5",1053.01792446015,-1.08562709115219,0.0931510734412019,-11.6544775175076,2.17711694722339e-31,2.33009058294239e-30,"Down"
"SPO23","SPO23",1849.53330188361,-1.58880430625325,0.136472225623755,-11.6419608384894,2.52150965778969e-31,2.69275064334069e-30,"Down"
"SHM1","SHM1",2452.12421324799,-1.07164479399189,0.0920961862780264,-11.6361473509525,2.69935715474657e-31,2.87635447695473e-30,"Down"
"ISW2","ISW2",1267.90003608633,1.04806423987265,0.0902326592085733,11.6151319163724,3.45255105011067e-31,3.67088524124458e-30,"Up"
"CAP1","CAP1",2107.48342929744,-1.14609193174716,0.098696069120322,-11.6123361544413,3.56733890482607e-31,3.78465059793665e-30,"Down"
"RFC5","RFC5",557.508177656562,-1.26630002160224,0.10912211336904,-11.6044308757084,3.9128212702797e-31,4.14213476084729e-30,"Down"
"GLN1","GLN1",18594.2409206935,-0.904481218560138,0.0780008957880898,-11.5957798871618,4.32904134701394e-31,4.57278519676972e-30,"Normal"
"FMP30","FMP30",226.713853553824,1.74794716654864,0.151054494624553,11.5716329454027,5.73800617036619e-31,6.04793318477425e-30,"Up"
"NHP6","NHP6",3125.09947028566,-0.946009484499947,0.0818137850951701,-11.5629595110347,6.34824877035742e-31,6.67665384743868e-30,"Normal"
"FIM1_2230","FIM1_2230",4940.10105152889,-1.41354914885976,0.12230213422601,-11.5578453132107,6.73782504487418e-31,7.07107816264441e-30,"Down"
"ALG6","ALG6",1291.69074648993,-1.09575369377788,0.0948287537856692,-11.5550784971243,6.9583873369733e-31,7.28681122205889e-30,"Down"
"RET2","RET2",3673.42225574662,-0.887757046060974,0.0768474477711631,-11.5521994784335,7.195504614269e-31,7.51891546682432e-30,"Normal"
"YPR172W","YPR172W",2243.97605177654,-1.02603267256183,0.0888282306428929,-11.5507498588673,7.31791457798093e-31,7.63041779708355e-30,"Down"
"PAH1","PAH1",5634.88046309043,1.13033550994223,0.09786179209714,11.5503250627194,7.35417561600299e-31,7.65180713450932e-30,"Up"
"GET3","GET3",2423.24279642118,-1.0233572598974,0.0886811866917793,-11.5397334888422,8.31825445201473e-31,8.63640991075632e-30,"Down"
"IDH1","IDH1",15013.0064303118,1.0198760552661,0.0883847969046543,11.5390439417574,8.38520022219612e-31,8.68735349246289e-30,"Up"
"MET1","MET1",420.967132850912,1.41314760824533,0.122549451356314,11.5312438579311,9.18075791604583e-31,9.49134100299292e-30,"Up"
"PGS1","PGS1",1728.95994837434,1.07224782232136,0.0930836666292581,11.5191833449364,1.05607152020578e-30,1.08948015216133e-29,"Up"
"NRK1","NRK1",374.85083914702,1.41083830799677,0.122688815604068,11.4993229093491,1.32954286837219e-30,1.36869677911451e-29,"Up"
"BMT2","BMT2",209.646222935467,1.9626692408707,0.170693208533514,11.4982268933409,1.34653138602393e-30,1.38141007917652e-29,"Up"
"TOP2","TOP2",2304.53352159953,-1.12142302906993,0.0975306526870285,-11.4981597905279,1.34757846785279e-30,1.38141007917652e-29,"Down"
"KRE6","KRE6",11843.8274844998,0.867210622962816,0.0754388899764593,11.4955379544082,1.38912885719092e-30,1.41929110316157e-29,"Normal"
"FIM1_4334","FIM1_4334",2013.22764585829,-0.995124592401391,0.0865667436825008,-11.4954606130408,1.39037366763718e-30,1.41929110316157e-29,"Normal"
"AIM39","AIM39",4503.59319669651,1.03763249303955,0.0904797767118476,11.4681150943168,1.90769325499826e-30,1.94328753166385e-29,"Up"
"HAP2","HAP2",3914.89579988512,0.962588421797767,0.0839759665622714,11.4626655840153,2.03164108999299e-30,2.06521842181505e-29,"Normal"
"RAD52","RAD52",606.871103493557,-1.310101849112,0.11444389507974,-11.4475468368074,2.41894422972131e-30,2.45378914660039e-29,"Down"
"NAB3","NAB3",2866.4231239963,1.13611079059888,0.0992757647521845,11.4439893103305,2.52024480488083e-30,2.55122281394082e-29,"Up"
"DPH5","DPH5",1595.80599822732,-1.13651196971762,0.0993365643591662,-11.4410235249166,2.60790556704588e-30,2.63447258841495e-29,"Down"
"FMP40","FMP40",2945.57384834982,-1.04656496139623,0.091486017737666,-11.4396165367831,2.65054426699272e-30,2.67199057952647e-29,"Down"
"FIM1_5006","FIM1_5006",463.898532714683,1.44781053632245,0.126773740725526,11.4204292469137,3.30597049115042e-30,3.32582000341613e-29,"Up"
"SWE1","SWE1",1779.70514382423,1.07803687839219,0.0944392840701962,11.4151318384719,3.51370776261247e-30,3.52750124349876e-29,"Up"
"NUP49","NUP49",1970.68989968834,-1.02542017064224,0.0899316455581063,-11.4022173649619,4.07603244154187e-30,4.08359621308288e-29,"Down"
"YKR070W","YKR070W",4660.45235006217,1.53721464776512,0.13482683906971,11.4013994422159,4.11451327202012e-30,4.11366666435098e-29,"Up"
"YJU2","YJU2",1148.60422521385,1.28113901344146,0.112498635911724,11.3880404243012,4.79655427012743e-30,4.78572016397314e-29,"Up"
"DSE3","DSE3",3107.30627386717,1.09101260549902,0.0959018295699177,11.3763481926444,5.48486791680337e-30,5.46126500158762e-29,"Up"
"TOF1","TOF1",916.233694348298,1.21629200490241,0.106957803085744,11.3716995844366,5.78500375710465e-30,5.74832990915572e-29,"Up"
"MRP10","MRP10",3235.63600072122,-1.15118683309996,0.101473159250798,-11.3447422116297,7.87579980404935e-30,7.80990025466853e-29,"Down"
"NMT1","NMT1",3184.4512576243,-1.06107774812497,0.0936284934447842,-11.33285081374,9.02196270146498e-30,8.92825188725424e-29,"Down"
"MTR4","MTR4",724.346480720774,1.21827890851071,0.107558617618509,11.3266508577836,9.68370791432939e-30,9.56364568205823e-29,"Up"
"ARP3","ARP3",5201.06452042443,-0.835751575326062,0.0738928919946317,-11.3103108129369,1.1667548041254e-29,1.14995164163191e-28,"Normal"
"VMA13","VMA13",10657.9550305333,-0.898570836964832,0.079757864882021,-11.2662348508703,1.92632353703877e-29,1.89473807013591e-28,"Normal"
"MTO1","MTO1",1778.21719127183,1.00076861302327,0.0888384442184029,11.2650398352649,1.95263621060865e-29,1.91673926209039e-28,"Up"
"TFS1","TFS1",20467.9422967039,1.14948282493571,0.102055757355748,11.2632824910487,1.9919797936944e-29,1.95141730192763e-28,"Up"
"ATM1","ATM1",4987.36953706863,1.02626723259309,0.0911320948648621,11.2613150626562,2.03696065413103e-29,1.99146716668464e-28,"Up"
"DOP1","DOP1",2968.57264679404,-1.00170872091421,0.0889543024466085,-11.260936158939,2.04573848159227e-29,1.99603278756161e-28,"Down"
"CSN9","CSN9",453.305199713958,1.36039721625355,0.120822773952602,11.2594436607392,2.08068088107727e-29,2.02200568023089e-28,"Up"
"YFH7","YFH7",453.499405629977,-1.45880389651033,0.129562167676386,-11.2594897312467,2.07959347084943e-29,2.02200568023089e-28,"Down"
"FIM1_5074","FIM1_5074",365.638145759275,-1.54078370862222,0.136864098290014,-11.257763926938,2.12071558853064e-29,2.05679781330746e-28,"Down"
"NDI1","NDI1",31434.9497113084,0.85471011101365,0.0759486861859916,11.253784020971,2.21864957205882e-29,2.14749367940913e-28,"Normal"
"RIB7","RIB7",6504.06460898252,-0.942669505213651,0.0838523507676156,-11.2420164322658,2.53524341999527e-29,2.44905522420617e-28,"Normal"
"RPN10","RPN10",3340.5987273611,-0.993690596204669,0.088442364446349,-11.2354594138815,2.73069677360689e-29,2.63263008391981e-28,"Normal"
"YDL176W","YDL176W",1351.20060022454,1.13993549174335,0.101583889493742,11.2216169062279,3.19376957774343e-29,3.0729755204466e-28,"Up"
"BAR1","BAR1",194.11531443576,1.96342214499886,0.175200949758027,11.2066866515882,3.78082804424162e-29,3.63064100137747e-28,"Up"
"TIF1","TIF1",23881.9642778457,-0.893872148633498,0.0798285278903346,-11.1974023855415,4.19864517385306e-29,4.02390865872821e-28,"Normal"
"FIM1_625","FIM1_625",1903.62432693923,-1.76349424543423,0.157513243936814,-11.1958474180219,4.27296954704895e-29,4.08707854903756e-28,"Down"
"VAC7","VAC7",3585.74444831153,0.994937550502553,0.0888897514190857,11.1929388328667,4.4155160385182e-29,4.21512621437327e-28,"Normal"
"ZTA1","ZTA1",12864.2504746905,-0.88063492447912,0.0787280401557403,-11.1857849215736,4.78651186503374e-29,4.56032571611744e-28,"Normal"
"MTF1","MTF1",695.070006126533,1.2159229657268,0.108721484119137,11.1838334031054,4.89297787820099e-29,4.64379794355581e-28,"Up"
"CIT3","CIT3",21258.2623882275,-5.89820419893185,0.527386851861571,-11.1838286792937,4.89323841757682e-29,4.64379794355581e-28,"Down"
"YDL057W","YDL057W",9257.42397915755,-1.13559268601586,0.101562561524834,-11.1812135196904,5.03960989439723e-29,4.77338488827995e-28,"Down"
"CDC45","CDC45",231.701970153479,-1.93613951013487,0.173197694503337,-11.1787833878907,5.17951573582826e-29,4.8963554397645e-28,"Down"
"YGR054W","YGR054W",3216.62070266356,0.916339796665974,0.0820306744904328,11.1706968442987,5.6734028133226e-29,5.35282801357951e-28,"Normal"
"GPI13","GPI13",1095.62238793528,1.11831784890501,0.100116689546035,11.17014409861,5.70881917495994e-29,5.37164593632911e-28,"Up"
"TEC1","TEC1",4049.82873622992,1.14004572124768,0.102062806640344,11.1700408677282,5.71545780836006e-29,5.37164593632911e-28,"Up"
"XRN1","XRN1",4189.25343782964,-1.06687994772205,0.0957498435190424,-11.1423675330589,7.80173355514752e-29,7.3182670549154e-28,"Down"
"SWI5","SWI5",465.772496326562,1.49668838415634,0.134333676788842,11.1415723885008,7.8717129569003e-29,7.36968270858932e-28,"Up"
"SSH1","SSH1",5757.86165619327,-0.876558846421777,0.078739627572899,-11.1323722684647,8.72812397144522e-29,8.15576045716391e-28,"Normal"
"DOG2","DOG2",16158.257547904,-0.884857812797316,0.0795097977716964,-11.1289153990567,9.07327595076818e-29,8.46200534448802e-28,"Normal"
"ACC1","ACC1",27521.7328348254,-1.06543620848283,0.0958223195189042,-11.1188730750004,1.01546514459753e-28,9.45238532107168e-28,"Down"
"RAD26","RAD26",4026.85106569199,1.03135910707922,0.0927696278696209,11.117422056804,1.0321127248139e-28,9.58897845099567e-28,"Up"
"MSM1","MSM1",1846.57616534565,1.14365685525035,0.102997735395992,11.1037087451813,1.20344173355294e-28,1.11593957697209e-27,"Up"
"PHO86","PHO86",1548.62648164582,-1.09638166050307,0.0987462667011491,-11.1030188495249,1.21276986715977e-28,1.12244738752939e-27,"Down"
"ARC40","ARC40",3497.69541545969,-0.963854741153583,0.0868647493803071,-11.0960400856472,1.31125777945796e-28,1.21129307041563e-27,"Normal"
"JAC1","JAC1",4323.031355767,-0.83552064319063,0.075420483429484,-11.0781661055225,1.60118566139625e-28,1.47631140962512e-27,"Normal"
"SKI2","SKI2",1376.23748944809,-1.14973720129458,0.103804435132277,-11.0759930423925,1.64051249228954e-28,1.50970647727934e-27,"Down"
"AVO2","AVO2",2318.6174973674,1.07613335780299,0.0971944135542796,11.0719671887521,1.7159189232761e-28,1.57611532102053e-27,"Up"
"ALG3","ALG3",754.901744650079,-1.21294006977978,0.109635385894776,-11.0633994661534,1.8880330282197e-28,1.73093443096595e-27,"Down"
"ADD37","ADD37",1488.65821705907,-1.24727068847858,0.112744480948385,-11.0628092655781,1.90050097466316e-28,1.73908366024262e-27,"Down"
"SKT5","SKT5",4311.91979313767,0.855104864768585,0.0775127244484228,11.0317998864506,2.68438143159638e-28,2.45176867972308e-27,"Normal"
"ABF1","ABF1",2127.74060250823,1.13706421542285,0.103112092541415,11.0274574727125,2.81717051024301e-28,2.56822354770559e-27,"Up"
"CDS1","CDS1",2205.8733953359,1.10561955615137,0.100269531193672,11.0264757697515,2.84808216102324e-28,2.59154142704343e-27,"Up"
"EFT1","EFT1",89264.6092974055,-0.73585978004155,0.0667870298836536,-11.0180042640533,3.1291995360045e-28,2.84201505522352e-27,"Normal"
"IQG1","IQG1",480.689974061107,1.55239593077304,0.140950452832063,11.013770439054,3.27984059369959e-28,2.97327340387804e-27,"Up"
"SHE4","SHE4",774.482217018035,-1.1593794571172,0.10533894056732,-11.0061811033334,3.56809417311913e-28,3.22856044454113e-27,"Down"
"DAP1","DAP1",2850.40129125443,-0.981629299620065,0.0891958378491582,-11.0053262942619,3.60209587320813e-28,3.25326837321901e-27,"Normal"
"NOP56","NOP56",4162.64413473748,-0.976296750383907,0.0887136536385288,-11.0050337275242,3.61380695632577e-28,3.25778998159312e-27,"Normal"
"PET130","PET130",655.816589829032,1.32456963008282,0.120641778322551,10.9793609519035,4.80309445058177e-28,4.3218955435883e-27,"Up"
"MUM2","MUM2",2573.64894408118,-1.21515302476564,0.110681337772629,-10.9788429487716,4.83071275562667e-28,4.33871225131054e-27,"Down"
"EIS1","EIS1",24227.3782674523,1.11669835457061,0.101772606387929,10.9724845830721,5.18283074390986e-28,4.64637907466015e-27,"Up"
"YPL071C","YPL071C",708.995046147465,1.19211574657786,0.108682295356231,10.9688127460911,5.39764727406317e-28,4.8297155405356e-27,"Up"
"RSC4","RSC4",1053.24814926831,1.14630056277865,0.104506962075078,10.9686526143124,5.40721394124587e-28,4.8297155405356e-27,"Up"
"PHM7","PHM7",55956.8692699226,1.21685495401272,0.110947492246577,10.9678455039641,5.45568931428204e-28,4.86407236295347e-27,"Up"
"HTA1","HTA1",6258.9170948672,-1.07036192614342,0.0975927234980251,-10.9676406987974,5.46805840816811e-28,4.86617139291005e-27,"Down"
"SEC61","SEC61",1904.28277435462,-1.15055121883949,0.104907712466337,-10.9672701061772,5.49051088764671e-28,4.87721981774687e-27,"Down"
"GRX8","GRX8",1411.91910288601,-1.11923961328301,0.102094181339735,-10.9628149087023,5.76769519365168e-28,5.11409323831269e-27,"Down"
"EAR1","EAR1",4706.65490559004,0.899443451628059,0.0820520497174452,10.961864508265,5.82859791894391e-28,5.15868074465363e-27,"Normal"
"CTH1","CTH1",5647.95817054896,-0.858553215679853,0.0783609673996565,-10.9563886737266,6.19212613654023e-28,5.47046198135436e-27,"Normal"
"NIT3","NIT3",5507.97830889841,0.811879831075452,0.0741637393554694,10.9471264277019,6.8589101792511e-28,6.04853803284594e-27,"Normal"
"FPS1","FPS1",4095.27759653134,-0.935373821821678,0.085499153798588,-10.9401529753751,7.40748151877242e-28,6.52046244560058e-27,"Normal"
"SPC3","SPC3",585.217768712221,-1.42203350196913,0.130038333886859,-10.9354946304248,7.79795652742233e-28,6.85176686559585e-27,"Down"
"ERG4","ERG4",2276.46958906366,-0.913726128963326,0.0835931361451851,-10.9306358284771,8.2269930643609e-28,7.21569662449993e-27,"Normal"
"PEX13","PEX13",3762.08514619006,1.20506352350484,0.110364454459584,10.9189460447715,9.3575343270658e-28,8.19247915229058e-27,"Up"
"PRI2","PRI2",647.929302751967,-1.13150071622396,0.103738251530524,-10.9072661195859,1.0640836462137e-27,9.29924898732444e-27,"Down"
"ARF3","ARF3",3308.18073085604,0.894235596860765,0.0821450002887827,10.8860623740588,1.34323182019991e-27,1.17177081047601e-26,"Normal"
"TRX3","TRX3",3307.05016502295,0.913048281542752,0.0842166998176496,10.8416535380718,2.18485848702732e-27,1.90254971119458e-26,"Normal"
"WSC4","WSC4",13385.4391196543,0.869026133661974,0.0801787692502623,10.8386065511866,2.25885328043124e-27,1.96346477452869e-26,"Normal"
"FIM1_3865","FIM1_3865",4501.81139588854,0.965643555276155,0.0891286603365449,10.8342653376584,2.36858950388864e-27,2.0551743570348e-26,"Normal"
"HTD2","HTD2",470.355532528186,-1.3189151697486,0.121785114944055,-10.8298552770959,2.48547836746057e-27,2.15275211898233e-26,"Down"
"SRF1","SRF1",1400.34126406639,1.1465204765265,0.105933289060534,10.8230423759554,2.67739322901861e-27,2.31484941277606e-26,"Up"
"TRZ1","TRZ1",1243.92683897268,1.02517420999272,0.0947357704930935,10.8214057336184,2.72564338979056e-27,2.35238032522066e-26,"Up"
"PUP2","PUP2",3183.86179808936,-0.866317108020092,0.0800955144634445,-10.8160502348166,2.88963759328237e-27,2.48949451520551e-26,"Normal"
"FIM1_1010","FIM1_1010",5590.51284467726,0.766795922512959,0.0709043081446555,10.8145180818714,2.93832915228404e-27,2.52696307096427e-26,"Normal"
"FIM1_5151","FIM1_5151",151.874087974221,1.92890282556519,0.178508027461888,10.805692343315,3.23507234375838e-27,2.77724673468586e-26,"Up"
"RAD7","RAD7",1455.29064210136,0.930099381848779,0.0861311440969683,10.7986419035797,3.49332243554241e-27,2.99244769730127e-26,"Normal"
"YJL171C","YJL171C",3747.87476325498,-1.31084062654151,0.121390797569615,-10.7985172911461,3.49806604664976e-27,2.99244769730127e-26,"Down"
"YMR315W","YMR315W",7140.52670062298,-0.830276718353735,0.0769497145013475,-10.7898609336516,3.8437073401379e-27,3.28235043334447e-26,"Normal"
"SPE2","SPE2",2683.96900789039,0.928048218664689,0.086039894773769,10.7862546915576,3.99750521738376e-27,3.40769786864346e-26,"Normal"
"MDH2","MDH2",88832.1640091877,-1.0042708776996,0.0932260682571435,-10.7724255294081,4.64597594684433e-27,3.95355466299765e-26,"Down"
"NNT1","NNT1",587.118109872758,-1.18007809521622,0.109623351857277,-10.7648423006862,5.0447848907147e-27,4.28542129090607e-26,"Down"
"VPH1","VPH1",8149.95734031282,-0.755089292845706,0.0701929549207748,-10.7573373096767,5.47286781950486e-27,4.64095370592917e-26,"Normal"
"RIM2","RIM2",1769.75122304021,1.16761104979595,0.108547600694551,10.7566730386014,5.5124493711507e-27,4.66637482481206e-26,"Up"
"GCR2","GCR2",1003.99386904352,-1.02920140879797,0.0957603444595801,-10.7476786409472,6.07718161134004e-27,5.13548268686978e-26,"Down"
"FIM1_1675","FIM1_1675",131.349505147604,2.30491313104635,0.214577224702938,10.7416485334699,6.48754643750112e-27,5.47274099649617e-26,"Up"
"AGP1","AGP1",923.798413185886,1.06981193491535,0.0996136326645358,10.7396137084781,6.63212994764683e-27,5.58501203043604e-26,"Up"
"FIM1_3995","FIM1_3995",1063.24351549536,1.16149873881053,0.108177731343609,10.7369485788273,6.82634221733903e-27,5.73861536921286e-26,"Up"
"GPM1","GPM1",69094.7651892537,-0.911232438994242,0.0849185449469696,-10.7306647748533,7.30686118420561e-27,6.12138594725088e-26,"Normal"
"GCD1","GCD1",2644.19655938431,-0.848901795763655,0.0791096716588112,-10.7306954758307,7.3044338408313e-27,6.12138594725088e-26,"Normal"
"NUP84","NUP84",1059.91086705179,-1.12899210978967,0.105217156288724,-10.730114266647,7.35052259003056e-27,6.14736476161076e-26,"Down"
"SEY1","SEY1",1773.30436815869,-1.00440889387996,0.0938179168209054,-10.7059389924137,9.54579319634261e-27,7.96958919948947e-26,"Down"
"CDC48","CDC48",22695.2439719198,-0.857271499959121,0.0801790642249523,-10.691961901101,1.10997798204395e-26,9.25108578859618e-26,"Normal"
"FIM1_3308","FIM1_3308",25415.3053468051,-0.948585772981985,0.0888063811704485,-10.6815046450473,1.2424139008524e-26,1.03371389456196e-25,"Normal"
"MDJ1","MDJ1",25198.1187385426,0.871510938902212,0.081631765795931,10.6761250403535,1.31652972331396e-26,1.09350733770642e-25,"Normal"
"KAP95","KAP95",12596.9885924288,-0.775240421366963,0.0726643676512368,-10.6687837027337,1.42479175343241e-26,1.18141009043141e-25,"Normal"
"PST2","PST2",17526.4206467823,-0.90235941185527,0.0845876745958702,-10.6677410883609,1.4408664482243e-26,1.19270358976522e-25,"Normal"
"SET1","SET1",1761.14504183313,0.953395377058799,0.0893795005999313,10.6668237197505,1.45515876583857e-26,1.2024857896615e-25,"Normal"
"YBL036C","YBL036C",2606.00463654961,-0.865495109022791,0.0811476023803981,-10.6656892333748,1.4730282331007e-26,1.21518576988731e-25,"Normal"
"SLX1","SLX1",519.585910113776,-1.43099430836309,0.134218404795442,-10.6616846664511,1.53786171308822e-26,1.26652034981282e-25,"Down"
"MAK11","MAK11",530.654081173069,-1.22448769322985,0.114878903904636,-10.6589430401106,1.58387185815864e-26,1.30220530605632e-25,"Down"
"PDR16","PDR16",3241.43011884012,-0.810310491766193,0.076050729373136,-10.654868118233,1.65479042420225e-26,1.35821396472951e-25,"Normal"
"ILV3","ILV3",6312.8745205884,-0.83990443942119,0.0789706790146518,-10.6356492042491,2.03407167277027e-26,1.6667039220895e-25,"Normal"
"MSK1","MSK1",1543.9500886882,0.929118947364536,0.0874149659752491,10.6288315392997,2.18836992305908e-26,1.79011607005793e-25,"Normal"
"MNN9","MNN9",2183.29470401432,-0.980032643858997,0.0922211784358586,-10.6269802715721,2.23223487969861e-26,1.82292929083286e-25,"Normal"
"CCM1","CCM1",1249.82292899438,1.04319671753683,0.0981761359506302,10.625766714443,2.2614614123624e-26,1.84369815481022e-25,"Up"
"MSB2","MSB2",7190.26998742921,-0.831110718200272,0.0782422143907167,-10.6222801165873,2.34755779490162e-26,1.91068397410837e-25,"Normal"
"YBR096W","YBR096W",1747.4720827117,-0.882592593285153,0.0831206067413089,-10.6182164433904,2.45201197534016e-26,1.99236223882573e-25,"Normal"
"PUS7","PUS7",723.26869512846,-1.4926208790904,0.140594091313816,-10.6165263784718,2.49679877587591e-26,2.02536648614041e-25,"Down"
"ADH3","ADH3",6073.81464714434,-0.914656279608961,0.0861838753873328,-10.6128469565595,2.59712761508317e-26,2.10324051361485e-25,"Normal"
"RAD55","RAD55",2442.15788839571,1.0658816505886,0.100636111949525,10.591443070885,3.26518877091101e-26,2.63985894140709e-25,"Up"
"BIO3","BIO3",1518.18645768427,-1.27532094327402,0.120421222781245,-10.5904998622273,3.29825852637772e-26,2.6621658105763e-25,"Down"
"BCS1","BCS1",2383.76149950246,0.989206096987051,0.0934601604561789,10.5842542122626,3.52577225287101e-26,2.84108248369821e-25,"Normal"
"IZH1","IZH1",9707.52873933316,0.830650549984132,0.078486186529668,10.5833980055859,3.55815071384737e-26,2.86242621168615e-25,"Normal"
"YHM2","YHM2",4576.58929216274,-1.03345913172534,0.0976680529196627,-10.581342627721,3.63708530496099e-26,2.92109049533974e-25,"Down"
"RPN11","RPN11",5617.65736929514,-0.82230441824127,0.0777196653026315,-10.5803906262245,3.6742317210082e-26,2.94605477431994e-25,"Normal"
"GAA1","GAA1",747.841161371163,-1.27830678444282,0.120946091636613,-10.5692277207562,4.13888809893853e-26,3.31315605811241e-25,"Down"
"VMA3","VMA3",4796.80724070429,-0.800489342959914,0.075750265883669,-10.5674789866644,4.21677680908612e-26,3.36995370318248e-25,"Normal"
"VMA8","VMA8",2671.64520787722,-0.889616457577504,0.0841966458838726,-10.5659370184948,4.28666052465226e-26,3.42017791285473e-25,"Normal"
"GLT1","GLT1",30801.078056038,1.02531388691104,0.0970422683325164,10.5656422147697,4.30015149868352e-26,3.42531739870544e-25,"Up"
"ZDS2","ZDS2",1269.68991822295,0.89636218027442,0.0848786780514163,10.5605106117633,4.54184461872896e-26,3.61191865833127e-25,"Normal"
"FIM1_1707","FIM1_1707",534.74498991039,-1.33342120322263,0.126269311655154,-10.5601367881393,4.55996853121671e-26,3.62040638777484e-25,"Down"
"RFC3","RFC3",738.586618076551,-1.52236918670689,0.144171504488424,-10.5594319217854,4.59433747907698e-26,3.64174319915743e-25,"Down"
"TOM1","TOM1",4453.11718645589,-1.21651730404941,0.115220923629007,-10.5581283827094,4.65857533337453e-26,3.68664780861024e-25,"Down"
"FIM1_1332","FIM1_1332",681.357592621792,1.23707666674491,0.117187371461881,10.5563991351005,4.74516774582609e-26,3.7490683051982e-25,"Up"
"YKE4","YKE4",806.570736390233,-1.46256177849683,0.138621324441737,-10.5507704848943,5.03822273272171e-26,3.97414354842448e-25,"Down"
"HOP1","HOP1",427.732040927457,-1.58993915297768,0.150727810334652,-10.5484127278678,5.16624648813419e-26,4.06852377404279e-25,"Down"
"EMC5","EMC5",1052.99396411738,-1.0403848913894,0.0986519722253046,-10.5460120859351,5.29991179066295e-26,4.16703420563613e-25,"Down"
"NOP9","NOP9",1017.44318318806,-1.05647885375578,0.100195016719069,-10.5442255348685,5.40160467574012e-26,4.24012877535077e-25,"Down"
"OST3","OST3",913.282491129352,-1.16252286517027,0.110401303329937,-10.529974104527,6.28517686932418e-26,4.92575393678165e-25,"Down"
"FIM1_5113","FIM1_5113",944.425697040553,1.20335928418746,0.114292261181552,10.5287905913064,6.36469368234307e-26,4.9800397105483e-25,"Up"
"FEN2","FEN2",5974.73566511505,1.00085974196446,0.0950842430110004,10.5260315512915,6.55395842052354e-26,5.11988488188486e-25,"Up"
"IWS1","IWS1",2600.98053775047,-0.894191405831582,0.0850248867336822,-10.5168197239991,7.22719608890492e-26,5.63674892391477e-25,"Normal"
"ASE1","ASE1",284.831041108518,1.73291477202044,0.164986171130969,10.503394073221,8.33289910576965e-26,6.48871101841903e-25,"Up"
"PEP4","PEP4",33206.3656076692,-0.761530966668516,0.0725762594158484,-10.4928384680876,9.31860932795853e-26,7.24465963592808e-25,"Normal"
"NIT2","NIT2",1361.02979532018,-0.910727349431029,0.0870451435585748,-10.4627014466141,1.28148967783572e-25,9.94689831406348e-25,"Normal"
"YGR111W","YGR111W",2803.48779430484,-1.3736167329757,0.131291992119696,-10.4623039897469,1.28687774250638e-25,9.97278939527672e-25,"Down"
"CAB2","CAB2",1354.2468674701,-0.892011326345884,0.0853585970089669,-10.4501638686983,1.46272273973181e-25,1.13174678222243e-24,"Normal"
"CEF1","CEF1",2517.85291323489,1.2542369606673,0.120160439690251,10.438019067677,1.66243506921124e-25,1.2842244835131e-24,"Up"
"RPN3","RPN3",4323.55995925636,-0.797895862433425,0.0765169747020929,-10.4276974558902,1.8532471011942e-25,1.42935359757184e-24,"Normal"
"SET3","SET3",1968.48070972348,0.909093217975977,0.0871877175431141,10.4268496021407,1.86985329009278e-25,1.43987593289395e-24,"Normal"
"PRE8","PRE8",4499.56163996397,-0.908707063812744,0.0871582872876635,-10.4259398858261,1.88783515126849e-25,1.45142262658443e-24,"Normal"
"RPS12","RPS12",5675.99479046936,-0.992804211231951,0.0952415882742286,-10.4240618958745,1.92550017981328e-25,1.47804192317736e-24,"Normal"
"HEK2","HEK2",3142.31322418964,-0.975987245826635,0.0937370272526779,-10.4119713888063,2.18646251473541e-25,1.67571314812292e-24,"Normal"
"IDH2","IDH2",18519.8810439685,0.776954600662903,0.0747680526172677,10.391531857063,2.70965721887301e-25,2.07342116952818e-24,"Normal"
"DSS1","DSS1",1187.24783437505,1.06102090977395,0.102258444393706,10.3758757143705,3.1927157790163e-25,2.439214775195e-24,"Up"
"FIM1_5026","FIM1_5026",998.000377953898,-1.4996941453578,0.144656414330121,-10.3672841076742,3.49311566993383e-25,2.66452889171248e-24,"Down"
"GPD1","GPD1",35918.4556661258,-0.905862069067294,0.0873815894163044,-10.3667382925661,3.51311905858257e-25,2.67558706985152e-24,"Normal"
"GYP8","GYP8",574.851883409402,-1.32248687370545,0.127711455118569,-10.3552721443635,3.9605861435549e-25,3.01165697520083e-24,"Down"
"MRPL8","MRPL8",1991.63929887638,1.18420107214539,0.114366158672513,10.3544709894152,3.99388274465071e-25,3.03223066504028e-24,"Up"
"PNP1","PNP1",3082.09267532362,-0.806048118159299,0.0779513443891011,-10.3404004700142,4.62600289559381e-25,3.50666896563032e-24,"Normal"
"GDE1","GDE1",4215.64315615443,0.891184425816963,0.0864356072490068,10.3103854323555,6.32471533477441e-25,4.7868834597615e-24,"Normal"
"FIM1_412","FIM1_412",951.227209826979,1.20850184304566,0.117240559552243,10.3078819110134,6.49162340995914e-25,4.90556736376228e-24,"Up"
"FIM1_4242","FIM1_4242",861.48532289701,-0.993150658900344,0.0963701445730244,-10.3055844037651,6.64863343504173e-25,5.01641457466891e-24,"Normal"
"AME1","AME1",554.240082244165,1.30460506945598,0.126776189013008,10.2906159241159,7.76778889497547e-25,5.85173430088152e-24,"Up"
"TMA108","TMA108",3884.16279656634,-1.08105724034022,0.105110598284309,-10.284949928799,8.23848845267586e-25,6.19672064884706e-24,"Down"
"NTH1","NTH1",7052.83373034376,0.90100014245253,0.087622564367567,10.282741083369,8.42954854939054e-25,6.33063004659793e-24,"Normal"
"CDC10","CDC10",1747.79980494911,-0.894209215468924,0.0869957161142493,-10.278772971931,8.78387278056154e-25,6.58654904949823e-24,"Normal"
"YDR090C","YDR090C",316.153933830121,1.35714579722434,0.132055434873004,10.2770915754395,8.93842423505084e-25,6.69211145733622e-24,"Up"
"HOS4","HOS4",3462.03332278373,0.861506556446033,0.0839390206762664,10.2634811498298,1.02927883774098e-24,7.69425518858989e-24,"Normal"
"ERG1","ERG1",1056.28551089263,-1.31677581905161,0.12829904945032,-10.2633326177642,1.03086376122246e-24,7.69426576924722e-24,"Down"
"FIM1_4299","FIM1_4299",539.688394858618,-1.23126062236894,0.120064984993763,-10.2549517033038,1.12432194098773e-24,8.37895753260641e-24,"Down"
"RFC2","RFC2",606.165930319278,-1.30525689571604,0.127305048755634,-10.2529861028648,1.14742872552678e-24,8.538064590099e-24,"Down"
"PRE5","PRE5",3727.44170463037,-0.789485302587864,0.077020367492168,-10.2503445295576,1.17922454939447e-24,8.76124172095986e-24,"Normal"
"HYP2","HYP2",20496.3929292159,-0.734796126756285,0.0719078137355562,-10.2185852772346,1.63712650841198e-24,1.21447293196547e-23,"Normal"
"TOP3","TOP3",423.950163525848,1.33437237523637,0.130692973630006,10.209977921338,1.78905541866782e-24,1.32515553038215e-23,"Up"
"PMS1","PMS1",638.56269964132,1.09932887444571,0.107724137842875,10.2050375752292,1.88248275622937e-24,1.39223496385365e-23,"Up"
"YGR053C","YGR053C",1132.18069995301,1.14661240560538,0.112374702615787,10.2034744378874,1.91303798950329e-24,1.41268261261345e-23,"Up"
"MRX3","MRX3",7541.34474064006,-0.823610541090178,0.0807221297119101,-10.2030328489792,1.92175854865954e-24,1.41696886008144e-23,"Normal"
"OST1","OST1",850.443511038864,-1.13935120619391,0.11169039662243,-10.2009773503222,1.9628719227954e-24,1.44509010194892e-23,"Down"
"RAD23","RAD23",3755.01647477711,-0.842514118021511,0.0826061225416983,-10.1991727985565,1.99968346083927e-24,1.46908638729819e-23,"Normal"
"VTS1","VTS1",1939.38353657555,0.887306907024293,0.086998686312664,10.1990839704798,2.0015130446417e-24,1.46908638729819e-23,"Normal"
"TPO4","TPO4",10573.6731901685,-1.16620849463853,0.114523843824718,-10.1831064666624,2.35907746539079e-24,1.72892268541989e-23,"Down"
"lag1","lag1",284.68459593367,1.45291259675913,0.142687368862763,10.1824892303996,2.37409266643483e-24,1.73730666659741e-23,"Up"
"TIF5","TIF5",4137.65561699412,-0.804854054357275,0.0790493416171985,-10.1816667652317,2.39424758689309e-24,1.74942090597196e-23,"Normal"
"FAR7","FAR7",595.369509795226,1.64914992690556,0.162074946720704,10.1752304120603,2.5579388708579e-24,1.86621996599077e-23,"Up"
"TPI1","TPI1",24663.2578841026,-0.88749907219947,0.0872300288344099,-10.174237978119,2.58414654541179e-24,1.88251395264706e-23,"Normal"
"USB1","USB1",191.03116258092,1.77687103909617,0.174821109807689,10.163938674516,2.87233109106517e-24,2.08931987597091e-23,"Up"
"ENP1","ENP1",758.627821303182,-1.20636635970485,0.118743959994442,-10.1593913472425,3.00949282026083e-24,2.18581847737629e-23,"Down"
"TIF35","TIF35",2952.26128962886,-0.855566867630954,0.084300137142845,-10.1490566519626,3.34581831784263e-24,2.42646734423841e-23,"Normal"
"FIM1_1033","FIM1_1033",130.984030735282,1.95061464762883,0.1924172758022,10.1374195196174,3.76924794317785e-24,2.72947477733251e-23,"Up"
"NSA2","NSA2",2268.44296164148,-0.887509544025438,0.0875899399441128,-10.1325511193605,3.96175888828204e-24,2.8646110771075e-23,"Normal"
"DUG1","DUG1",4663.72824806324,-0.799265525339056,0.0789096844926204,-10.1288647962317,4.11397724981953e-24,2.97025489700938e-23,"Normal"
"GSF2","GSF2",9852.47751035889,-0.706813852997347,0.0699558550874291,-10.1037125786539,5.3189573246241e-24,3.83454208313776e-23,"Normal"
"PRS1","PRS1",5009.94331276104,-0.751923874707732,0.0744353916618156,-10.1016983711723,5.42936336166327e-24,3.9083372702699e-23,"Normal"
"ISA1","ISA1",9738.09108387715,-0.801280366755607,0.0793469116540918,-10.098444287898,5.6125463546911e-24,4.03422525701835e-23,"Normal"
"RGA1","RGA1",3090.47110105397,1.09572721633662,0.108537426312581,10.0953860208643,5.79028084839184e-24,4.15583081866115e-23,"Up"
"CAB4","CAB4",1558.82503318924,0.918082965916881,0.0909789237340496,10.0911609880177,6.04502709143364e-24,4.33226941552744e-23,"Normal"
"tRNA-Val","tRNA-Val",93.1520269434736,2.45305012666159,0.243232555233176,10.0852047716637,6.42311183681803e-24,4.59645072387316e-23,"Up"
"FIM1_4314","FIM1_4314",316.536089943293,-1.52824990289565,0.151548281722035,-10.084244344642,6.48623215791155e-24,4.63479441989591e-23,"Down"
"VPS4","VPS4",3342.26967398769,-0.783450741906303,0.0777144463714076,-10.0811467942793,6.69402211374857e-24,4.77624867117538e-23,"Normal"
"ALG7","ALG7",523.087535472566,-1.4397668692162,0.142920697784023,-10.0738863687325,7.20726025410557e-24,5.1349087352931e-23,"Down"
"NOC2","NOC2",647.613845757148,-1.27199409491424,0.126275336201116,-10.0731792381717,7.25928302060801e-24,5.16440061451454e-23,"Down"
"CEM1","CEM1",3218.41214135385,-0.778245832416391,0.0773716421494113,-10.0585409692292,8.42374664888817e-24,5.98406212967071e-23,"Normal"
"ATS1","ATS1",916.45465850836,-1.05394951632035,0.104908072376043,-10.0464100850359,9.52751654897519e-24,6.75827779729496e-23,"Down"
"ODC2","ODC2",3124.18791453273,-1.21885304639175,0.121364331722008,-10.0429263614585,9.87017125478626e-24,6.99113150539453e-23,"Down"
"ELG1","ELG1",393.364263085447,1.18881168374361,0.11838834791241,10.0416274465047,1.00010307844538e-23,7.07350925497249e-23,"Up"
"HAC1","HAC1",89774.9760178448,-0.769893618746582,0.0767511065855091,-10.0310425868432,1.11334717818745e-23,7.86301444594886e-23,"Normal"
"IGO2","IGO2",3193.66961704577,-0.793974623026888,0.0793381293237686,-10.0074784948203,1.41308171237407e-23,9.96540499336079e-23,"Normal"
"YSA1","YSA1",2509.33044927974,-0.83012628058097,0.0830585637072481,-9.99446948669699,1.61147782078027e-23,1.13480735234367e-22,"Normal"
"SED5","SED5",2353.57357359504,-0.990750425643864,0.0992081272648709,-9.9865853026205,1.74489242691635e-23,1.22698007270428e-22,"Normal"
"NYV1","NYV1",1376.80297316748,-0.849395377713014,0.0850979896428322,-9.98138006876592,1.83891046728295e-23,1.29122340470055e-22,"Normal"
"FLO1","FLO1",8693.07402143698,-1.21418298751259,0.121739773911366,-9.97359325142649,1.98899924150603e-23,1.39459557207472e-22,"Down"
"PRE2","PRE2",2928.190534807,-1.01565655260267,0.101856968327461,-9.97139979011969,2.03342515318704e-23,1.42369060797346e-22,"Down"
"CPR1","CPR1",26751.0022011794,-1.03920315676738,0.104251090011806,-9.9682713787424,2.09849234457566e-23,1.4671329931357e-22,"Down"
"FIM1_2780","FIM1_2780",1091.07731004794,1.00164565060306,0.100530751790485,9.96357465515208,2.20006867306599e-23,1.53593874747524e-22,"Up"
"PAN6","PAN6",610.947513815194,-1.50502979387825,0.151183634369579,-9.95497826305126,2.39875292498305e-23,1.67224396879378e-22,"Down"
"ARH1","ARH1",2400.67025375915,0.833498567600426,0.0837768810199415,9.9490283888944,2.5465729323965e-23,1.77275041239464e-22,"Normal"
"BUD5","BUD5",858.931892925592,1.27135090434405,0.127809964517946,9.94719706823434,2.59386031107443e-23,1.80308544370682e-22,"Up"
"FIM1_571","FIM1_571",1710.25609064317,-1.35452035834042,0.136188549387056,-9.94591956839771,2.62736100561338e-23,1.8237638751822e-22,"Down"
"GIS2","GIS2",7938.09967375658,-0.809287737348538,0.081386077264084,-9.9438105945632,2.68360586677714e-23,1.86014848882598e-22,"Normal"
"LYS12","LYS12",1797.28873491941,-1.14832960383337,0.115484408232404,-9.94358997382954,2.68955810978557e-23,1.86161864037722e-22,"Down"
"OKP1","OKP1",303.238855373538,1.36331463233492,0.137152437893608,9.94014144606357,2.78431502028587e-23,1.92446467760584e-22,"Up"
"LNP1","LNP1",695.112978321546,-1.04614049536772,0.105383674250105,-9.92696926551387,3.17767213458254e-23,2.19322569629781e-22,"Down"
"RAD4","RAD4",2312.23912669539,0.826373861736492,0.0832572733633462,9.92554558122607,3.22335068748708e-23,2.22159730361698e-22,"Normal"
"MET8","MET8",709.454803357804,-1.14814894569991,0.115841458010568,-9.91138203384115,3.71471655519478e-23,2.55662999174099e-22,"Down"
"ECM29","ECM29",4492.13848541559,-1.11300160438914,0.112322029610623,-9.90902326326796,3.80346186629887e-23,2.6140058286204e-22,"Down"
"RSP5","RSP5",17572.1145260204,-0.71743378852166,0.0724494858764749,-9.90253802138599,4.05842527330237e-23,2.78529497217178e-22,"Normal"
"MTF2","MTF2",1997.33318620168,-0.8870682012531,0.0899488016287329,-9.8619235074916,6.08719104519231e-23,4.17174348217058e-22,"Normal"
"EGO2","EGO2",455.469897313672,-1.33410637427458,0.135356301321677,-9.85625612733059,6.44062458932548e-23,4.40774575768064e-22,"Down"
"ACS1","ACS1",18607.0377013052,-3.59254888385235,0.364557445355016,-9.85454810929408,6.5510715784784e-23,4.47702627283074e-22,"Down"
"GNP1","GNP1",17682.3534823853,0.862128425103133,0.087512003419565,9.85154483288161,6.74984057821685e-23,4.60638699010613e-22,"Normal"
"MRPS5","MRPS5",8160.36635725322,-0.788560919812647,0.0800528860831882,-9.85049956841284,6.82041169098726e-23,4.64801969235724e-22,"Normal"
"LMO1","LMO1",1542.09539661252,-1.11939631570715,0.113685213208398,-9.84645482130703,7.10044224526498e-23,4.83207967363341e-22,"Down"
"PRR1","PRR1",5507.7889397677,0.851421470734712,0.0865243522251978,9.84025247041098,7.55210798045336e-23,5.13226471007313e-22,"Normal"
"PUS4","PUS4",769.089120318988,-1.07086251983333,0.108900009784655,-9.83344741612898,8.08043094265776e-23,5.48363323329247e-22,"Down"
"RBD2","RBD2",1780.36032083585,-0.868156586208522,0.0883199423478719,-9.82967790885839,8.38866349031627e-23,5.68486972098281e-22,"Normal"
"GAR1","GAR1",851.557072712127,-1.09246251444408,0.111179102703269,-9.82614976988802,8.68769252480877e-23,5.8793172671373e-22,"Down"
"PPG1","PPG1",1062.2460880061,-0.929438304341531,0.0946042118085697,-9.82449181250236,8.8318345007123e-23,5.96855129888193e-22,"Normal"
"RAI1","RAI1",760.277224471652,-1.05340664406983,0.107224567558674,-9.8243030310512,8.84839645743313e-23,5.97143866481494e-22,"Down"
"RRG1","RRG1",484.619224288229,1.15993433955112,0.118121942928424,9.81980410069943,9.25231686400767e-23,6.23536860502265e-22,"Up"
"ACO2","ACO2",2950.90255223201,0.887135378136883,0.0904907012816433,9.80360816716142,1.08634263959299e-22,7.31099568667916e-22,"Normal"
"SMB1","SMB1",809.581318467421,-1.01244785123009,0.103366939486787,-9.79469699167695,1.18652634965131e-22,7.97417916038132e-22,"Down"
"HST4","HST4",2056.18081997751,0.798753877907267,0.0815777091955907,9.7913251767364,1.22677368340101e-22,8.23327807685845e-22,"Normal"
"OXP1","OXP1",6126.09708946002,-0.735648214533491,0.0751818313314621,-9.78492012638213,1.30698439152264e-22,8.75949952883931e-22,"Normal"
"VNX1","VNX1",5817.77893469373,0.983486331453698,0.100521549335425,9.78383578402632,1.32106830177276e-22,8.84169542467471e-22,"Normal"
"CYP707A7","CYP707A7",4065.87082728775,-0.868329375972835,0.0888260659373314,-9.77561447543403,1.43285189537333e-22,9.57665386467537e-22,"Normal"
"ART5","ART5",1158.21320621959,-1.09991380591257,0.112520208893377,-9.77525563389988,1.43793865773323e-22,9.59745046418371e-22,"Down"
"MPD2","MPD2",3053.02932758461,-0.832003449441575,0.0851185839971675,-9.77463921943605,1.44671840728391e-22,9.64280485732855e-22,"Normal"
"GRH1","GRH1",1088.29802568089,-0.964759474722825,0.0987724441294683,-9.76749622048679,1.55241070751595e-22,1.03331008600274e-21,"Normal"
"MGR1","MGR1",4720.60268369832,0.78337770405247,0.0802198006654152,9.76539080818489,1.58499726910231e-22,1.05355700828565e-21,"Normal"
"BRE5","BRE5",4361.74518969858,-0.723864039807326,0.0741400418978094,-9.76346952710199,1.61532429165847e-22,1.07224873403941e-21,"Normal"
"GIT1","GIT1",12589.8266598621,0.935964540390364,0.0958848933596788,9.76133473788638,1.64969548518179e-22,1.0935703086628e-21,"Normal"
"FIM1_853","FIM1_853",951.645500192502,0.98400630707542,0.100828399737352,9.75921773665616,1.68449497599662e-22,1.11511731449149e-21,"Normal"
"MND2","MND2",1830.40411627789,1.0059487930993,0.103174849792064,9.74994192021278,1.84573837565975e-22,1.22019629487493e-21,"Up"
"SPT20","SPT20",458.465213351008,1.25629469877911,0.128889284915645,9.74708409315271,1.89842814669145e-22,1.253323690866e-21,"Up"
"SWP1","SWP1",1014.02631366172,-1.102645818456,0.113148519020834,-9.7451193174961,1.9355135946575e-22,1.27607334551436e-21,"Down"
"PPS1","PPS1",3323.53000443975,0.815392812148661,0.0836902437229096,9.74298527374766,1.97660666915166e-22,1.30139997363251e-21,"Normal"
"SNT2","SNT2",2064.45296056678,0.868246797468774,0.0891482569803165,9.7393580859408,2.04844203772379e-22,1.34687142913395e-21,"Normal"
"LCP5","LCP5",804.931285332003,-1.27745818568462,0.131231231273964,-9.73440676646356,2.15068898352601e-22,1.41218888796661e-21,"Down"
"YHR022C","YHR022C",2384.58598767383,0.852723212882797,0.0876080376214196,9.73339017782441,2.17229879718792e-22,1.42445342179974e-21,"Normal"
"HAM1","HAM1",336.604485664248,-1.58917662350404,0.163322349539515,-9.73030713790668,2.23915838745763e-22,1.46631679308041e-21,"Down"
"FIM1_2956","FIM1_2956",420.713368459505,-1.42377132265557,0.146393348723626,-9.72565581065772,2.34390098879473e-22,1.53284184448905e-21,"Down"
"FIM1_4804","FIM1_4804",15152.5935709587,0.785187965657919,0.0808439611878771,9.71238858315197,2.67005402336705e-22,1.74378931445437e-21,"Normal"
"FIM1_4560","FIM1_4560",306.202044672749,-1.34164501349454,0.138264307913023,-9.70348048419356,2.9138552822429e-22,1.9004594384454e-21,"Down"
"PUT1","PUT1",1298.5284303013,-1.03327504446539,0.106595725561282,-9.69340035939215,3.21638120951759e-22,2.09495928914825e-21,"Down"
"SPT16","SPT16",2758.0845290694,-0.771099368428718,0.0796661542896429,-9.67913382168826,3.69835968730559e-22,2.40566662926611e-21,"Normal"
"YEF3","YEF3",55628.1490974061,-0.643745633441363,0.066564106966943,-9.67106242048825,4.00201624933837e-22,2.59970547533892e-21,"Normal"
"YHR020W","YHR020W",4793.05022505371,-0.792332093557669,0.0819828386603226,-9.66460916095524,4.26243790099655e-22,2.76517833924462e-21,"Normal"
"RPL14B","RPL14B",4886.31675931788,-0.882829359564273,0.091398277797831,-9.65914654887757,4.49593759141881e-22,2.91276810089387e-21,"Normal"
"RBL2","RBL2",453.353938187159,-1.27733937871669,0.132347977595954,-9.65137059076399,4.8503072799474e-22,3.13816818552123e-21,"Down"
"TRP3","TRP3",772.008800621628,-1.1679925931739,0.121082900058356,-9.64622248567704,5.09998570251466e-22,3.29532320857962e-21,"Down"
"SEC12","SEC12",4770.7672172863,0.819390043130782,0.0849633475698481,9.64404141982711,5.20956269396751e-22,3.36165539574875e-21,"Normal"
"YMR160W","YMR160W",1449.63653492927,0.9230537688417,0.0957238848559808,9.64287826628077,5.26894889525547e-22,3.39546719921039e-21,"Normal"
"NUP57","NUP57",1351.05631224701,-0.873000021616422,0.0906138944625015,-9.63428430920926,5.72898186503421e-22,3.68703614333791e-21,"Normal"
"DIM1","DIM1",1075.36070088568,-0.89218413284644,0.092678889579564,-9.62661655630333,6.17285610081463e-22,3.96744812088073e-21,"Normal"
"OPI3","OPI3",3068.56066275279,-0.903440321449449,0.0939347464090089,-9.61774376348137,6.72909350854858e-22,4.31924245152412e-21,"Normal"
"HDA3","HDA3",921.137593420974,1.13417188380046,0.118005722525252,9.61116003130919,7.17361791895374e-22,4.59849729131876e-21,"Up"
"MET6","MET6",14743.3571734857,-0.965689054716495,0.100504026715365,-9.60846133510048,7.3641168342493e-22,4.71439310904049e-21,"Normal"
"RIO1","RIO1",507.526799497628,1.12275878384439,0.116864971688341,9.60731661184671,7.44642607013133e-22,4.76081372036423e-21,"Up"
"FIM1_3875","FIM1_3875",909.512131898079,-0.909788490477794,0.0947252693847799,-9.60449620662652,7.65312691278922e-22,4.88653661882297e-21,"Normal"
"SRV2","SRV2",6066.4734961609,-0.700560286100287,0.0730081773497147,-9.59564135870083,8.33967981357573e-22,5.31791393886673e-21,"Normal"
"FIM1_2551","FIM1_2551",81.7985398356474,-3.20320819292081,0.33440720439666,-9.57876550147915,9.82117705503469e-22,6.25440357934647e-21,"Down"
"DTR1","DTR1",11530.2801592007,-0.90101140666195,0.0941063692076975,-9.57439346823988,1.02456905503978e-21,6.51620554769412e-21,"Normal"
"MCM2","MCM2",1110.59390663807,0.88828772315764,0.0927794774827068,9.57418329202391,1.02665492871776e-21,6.52093633809094e-21,"Normal"
"ICS2","ICS2",1937.45115132929,1.29421248703309,0.135198541626476,9.57268082527636,1.04168888946255e-21,6.60778892153856e-21,"Up"
"PMI40","PMI40",1662.50451587315,-1.18468205347159,0.123759691753424,-9.57243862429718,1.04413270014088e-21,6.6146555280111e-21,"Down"
"URC1","URC1",1514.18153809274,1.18600213712645,0.123942742257927,9.56895188472081,1.07994905921088e-21,6.83264645664799e-21,"Up"
"RTT109","RTT109",178.565226787761,1.71649171741917,0.179403101045295,9.56779290557413,1.09212138617806e-21,6.90067336207955e-21,"Up"
"SPB1","SPB1",1569.39200609267,0.837005570047238,0.0875495015896823,9.56036933219822,1.17337213508025e-21,7.40443533033109e-21,"Normal"
"FIM1_1378","FIM1_1378",478.272272974334,1.18243567056293,0.123692116112327,9.55950716769317,1.18318779972885e-21,7.45669198298637e-21,"Up"
"THI73","THI73",171.829486629962,-1.71058630922497,0.179200889418821,-9.54563515154804,1.35276102367331e-21,8.51433395599559e-21,"Down"
"SGT1","SGT1",804.813194292392,1.12744942783892,0.118177187927824,9.54033047839571,1.42377870345311e-21,8.94972926271497e-21,"Up"
"FIM1_2412","FIM1_2412",380.222571413292,1.41137613288808,0.147966239249433,9.53850108002586,1.44911577493442e-21,9.09722680931052e-21,"Up"
"CWH41","CWH41",893.356035503314,-1.03200260543975,0.108202988606441,-9.53765343019668,1.4610064176681e-21,9.16003894638618e-21,"Down"
"SEA4","SEA4",2094.83427342489,-0.885383065899074,0.0928402209794467,-9.53663246983312,1.47545643190672e-21,9.23871495184889e-21,"Normal"
"ORC5","ORC5",1045.24417216041,1.06512178920569,0.111748251432302,9.53144031833873,1.55115958052708e-21,9.70023732532956e-21,"Up"
"COG2","COG2",447.13022663027,-1.19191987203418,0.125079167110384,-9.52932370410086,1.58311173089863e-21,9.88732635017536e-21,"Down"
"EBP2","EBP2",1331.08338093611,-0.900499517506467,0.0945388673430958,-9.52517776882622,1.64759688292277e-21,1.02768591195401e-20,"Normal"
"MCK1","MCK1",1680.82356556412,-0.86372356731712,0.0906878494855218,-9.52413771213103,1.66417730047785e-21,1.03669711577203e-20,"Normal"
"CPR6","CPR6",4011.27520204201,0.786940769587104,0.0826452240788391,9.52191464610712,1.70017257257908e-21,1.05776421640996e-20,"Normal"
"YOR342C","YOR342C",1234.2906434294,-1.25343845211694,0.131668695690435,-9.51963901171993,1.73781674258256e-21,1.07980198877348e-20,"Down"
"PDAT9","PDAT9",787.413944843139,-1.04330776838097,0.109597859192833,-9.51941740527351,1.74152638279156e-21,1.080724992846e-20,"Down"
"ARA1","ARA1",36510.5020037602,3.10991247773089,0.32672627287153,9.5184034341607,1.75860019886372e-21,1.08992836304576e-20,"Up"
"HTZ1","HTZ1",1587.05497644706,1.09459986173702,0.115205911301991,9.50124736974417,2.07390957693198e-21,1.28371039927547e-20,"Up"
"FIM1_87","FIM1_87",307.47892375731,1.41433283915154,0.148860446902135,9.50106538428818,2.07753757487733e-21,1.28431998426577e-20,"Up"
"APL2","APL2",3005.04904928992,-0.790515753699623,0.0832321825625122,-9.49771746170298,2.14541195206944e-21,1.3245942408012e-20,"Normal"
"CYC8","CYC8",2173.65910303185,0.9889760841914,0.104320863383181,9.48013707055692,2.53949267823415e-21,1.56591306136291e-20,"Normal"
"RPP1","RPP1",387.155369979096,1.20600324810914,0.127220394962483,9.4796376670956,2.55167545593717e-21,1.57143105708475e-20,"Up"
"RIM9","RIM9",1541.04953380586,1.05681172180765,0.11153399018638,9.47524355617202,2.661391104035e-21,1.63692397145647e-20,"Up"
"PDX1","PDX1",4807.96787729728,-1.03647993170144,0.109478357318257,-9.46744139289885,2.86782030222405e-21,1.76166104279478e-20,"Down"
"THS1","THS1",6653.29889662877,-0.727419269043668,0.0768792043560328,-9.46184699928657,3.02551031885706e-21,1.8561811413291e-20,"Normal"
"VPS74","VPS74",2978.09082460331,-0.751509599364269,0.0795032903395139,-9.45255971362938,3.30644216154391e-21,2.02597761197249e-20,"Normal"
"RPT2","RPT2",5758.49787735649,-0.784264766027689,0.0830236315126124,-9.44628356696911,3.51074676600111e-21,2.14845321612083e-20,"Normal"
"MSI1","MSI1",128.733539684747,2.02858973899011,0.214986225940365,9.43590562659031,3.87631023674332e-21,2.36859718281444e-20,"Up"
"MIG1","MIG1",3856.55040192386,1.05868843785608,0.112199121582428,9.43579970078745,3.88022917785613e-21,2.36859718281444e-20,"Up"
"RBA50","RBA50",1338.90831871633,1.01224874392435,0.107306995177965,9.43320369977341,3.97750800255337e-21,2.42493241962445e-20,"Up"
"AKL1","AKL1",4108.25317979657,-0.861566675667981,0.0913696316254697,-9.42946425787947,4.12188860814352e-21,2.50980660989591e-20,"Normal"
"FIM1_2064","FIM1_2064",27771.9865506187,1.28344009789449,0.136314135728788,9.41531185326246,4.71680107029317e-21,2.86845261583911e-20,"Up"
"PEX11","PEX11",20660.2513619417,0.690275746902956,0.0733377580811863,9.41228318077037,4.85474697932843e-21,2.9486519465696e-20,"Normal"
"LOA1","LOA1",822.084917377157,-1.10074884092467,0.117326961749794,-9.3818916343549,6.47995609472824e-21,3.93084977082204e-20,"Down"
"PCI8","PCI8",1574.04442870199,-0.839577915289895,0.0894964922460556,-9.38112650249595,6.52715800798523e-21,3.95454622952621e-20,"Normal"
"RPN13","RPN13",2808.62607992451,-0.794013688741704,0.0847214886489233,-9.37204599923888,7.11399023506026e-21,4.30471712978304e-20,"Normal"
"RIM4","RIM4",2439.02952382622,-0.83753359327993,0.0893694217577851,-9.37159015697638,7.14478672937541e-21,4.31797496492974e-20,"Normal"
"VMA10","VMA10",2486.85574549592,-0.912153198362175,0.0973846548904182,-9.36649823720762,7.49788615914845e-21,4.5257427139506e-20,"Normal"
"RPC53","RPC53",639.668616156985,-0.99280852663199,0.106020844094186,-9.3642767619357,7.65729040992303e-21,4.616225074667e-20,"Normal"
"MAK3","MAK3",604.375319647196,-1.01472778015944,0.10839728438524,-9.36119189622072,7.88422028105492e-21,4.74714081110853e-20,"Down"
"SDT1","SDT1",2590.52362175774,0.831365874891808,0.0889024488691089,9.35143953251309,8.64628107691696e-21,5.19953957335885e-20,"Normal"
"RPH1","RPH1",4580.25378814721,0.979359487501574,0.104776133527132,9.34716193977487,9.00310404039396e-21,5.4013133035387e-20,"Normal"
"HOM2","HOM2",1521.03407761695,0.991939887057879,0.106122164408239,9.34715092355266,9.00404152267205e-21,5.4013133035387e-20,"Normal"
"CLN3","CLN3",5694.84159913991,-0.790687307624809,0.0846159303050417,-9.34442610007796,9.23891441961856e-21,5.53537424968269e-20,"Normal"
"DPS1","DPS1",8363.34923768252,-0.688231829437546,0.0736759640685671,-9.34133456057716,9.51274037825428e-21,5.69241447018935e-20,"Normal"
"YGL140C","YGL140C",3095.86070023595,0.802157491328164,0.0858757655246426,9.34090644115399,9.55128733126234e-21,5.70845081704843e-20,"Normal"
"VID27","VID27",1150.72479164826,0.973715298004319,0.104247640673699,9.34040609179925,9.596533501938e-21,5.72844671817159e-20,"Normal"
"PUS1","PUS1",777.012199911819,-0.91131457410408,0.0975942298793735,-9.33779153983248,9.83643527548667e-21,5.86444650350794e-20,"Normal"
"SUT2","SUT2",1614.96244610996,-0.8516862077061,0.0912495297425288,-9.33359558245651,1.02338948382485e-20,6.09393321311882e-20,"Normal"
"SMC6","SMC6",1586.09762346925,-0.87254160360285,0.0934936592028222,-9.3326286621212,1.03277139739645e-20,6.14227199504206e-20,"Normal"
"RPB4","RPB4",1241.35698273234,-0.907814715006992,0.0973822706219911,-9.32217650306038,1.13977805402506e-20,6.77039311064517e-20,"Normal"
"AEP2","AEP2",949.849770479754,1.01158385960013,0.108577524042828,9.31669669683312,1.20018707157135e-20,7.12052378603806e-20,"Up"
"ASK1","ASK1",789.278324847407,1.0359829275779,0.111276577757712,9.3099819248,1.27854106191514e-20,7.57613539005569e-20,"Up"
"GRC3","GRC3",479.498584576324,1.11582815798555,0.119858922676176,9.30951265931363,1.28420221372022e-20,7.6004123708484e-20,"Up"
"PMT7","PMT7",824.541661213984,-1.00751533151016,0.108269793418826,-9.30559946311839,1.33238586159723e-20,7.87598893126632e-20,"Down"
"OLE1","OLE1",57222.3039843654,-0.693648292082314,0.0745449846372026,-9.3050967205665,1.33870436759997e-20,7.9037235992324e-20,"Normal"
"MSS116","MSS116",2390.12743231467,0.91220206490561,0.0980356140289017,9.30480289169898,1.34241094013052e-20,7.91598878409488e-20,"Normal"
"FIM1_256","FIM1_256",2613.22496820853,0.803393920810629,0.0864053531740093,9.29796466652589,1.43159793543025e-20,8.43167802212797e-20,"Normal"
"SIN3","SIN3",3813.78556652651,0.855219924116075,0.0920224934625005,9.29359651034212,1.49161032485006e-20,8.77449705623056e-20,"Normal"
"SCL1","SCL1",3527.55342173852,-0.878040976755647,0.0945898671146153,-9.28261137835956,1.65374778320337e-20,9.71651811195306e-20,"Normal"
"DUT1","DUT1",259.076711378672,-1.65484982733034,0.17833390700813,-9.27950189110643,1.70272702249018e-20,9.99221087231858e-20,"Down"
"SHE2","SHE2",586.131302138879,-1.04688236917522,0.112880108413712,-9.27428564595576,1.78813211814046e-20,1.04807406056025e-19,"Down"
"ASI2","ASI2",586.247420518766,0.993072110808235,0.107148497258752,9.26818514691882,1.89340016569459e-20,1.10843751868795e-19,"Normal"
"LSP1","LSP1",29666.8468350874,-0.762584613307551,0.0823029701960085,-9.26557828340118,1.94023063103326e-20,1.13448623780874e-19,"Normal"
"BIT61","BIT61",1357.09768801437,-0.889925538309346,0.0960775569397851,-9.26257459759401,1.99561106662097e-20,1.16546564575857e-19,"Normal"
"FMP16","FMP16",29673.4451824157,1.07929680187523,0.116590555570957,9.25715463477975,2.09952435984963e-20,1.2246805359555e-19,"Up"
"UMP1","UMP1",2062.00597314575,-0.806278620167487,0.0871492228976379,-9.25170177494883,2.20946437303167e-20,1.2872646748874e-19,"Normal"
"AVT6","AVT6",1552.30748583617,-0.803529711774729,0.0868844808512154,-9.24825358801104,2.28190428472565e-20,1.32787699634514e-19,"Normal"
"Plekha8","Plekha8",1263.19406362977,1.01828357612321,0.11017660470401,9.24228495567483,2.41288521631913e-20,1.40241737632711e-19,"Up"
"GAL11","GAL11",12199.7008644254,0.781566040533123,0.0846010896465219,9.23825028493891,2.50560849782203e-20,1.45457009449429e-19,"Normal"
"COA2","COA2",9398.5426110358,0.740640198934794,0.080188601676622,9.2362278858732,2.55340327553739e-20,1.48054731692556e-19,"Normal"
"NMD4","NMD4",2148.2202385324,-0.900267122344581,0.0974789797001233,-9.23550005461785,2.57082354917902e-20,1.48887146906566e-19,"Normal"
"ESS1","ESS1",2333.46825213278,-0.857970080752305,0.0929106577311897,-9.23435590386836,2.59844604127604e-20,1.50307729935241e-19,"Normal"
"AVT3","AVT3",3178.20809102727,-0.748873425848279,0.0811400286261204,-9.22939563281351,2.72163163870349e-20,1.57246232252797e-19,"Normal"
"QCR6","QCR6",14219.1110562146,0.664637808834021,0.0721191199278009,9.21583360278655,3.0886890928505e-20,1.78241571284567e-19,"Normal"
"CHD1","CHD1",4328.06065241633,0.756270974331116,0.0822194717602125,9.19819792246693,3.640028353276e-20,2.09808988950986e-19,"Normal"
"UTP21","UTP21",1144.09218116986,-1.06334782204281,0.115633724726836,-9.19582781368301,3.72118190640423e-20,2.14232498616329e-19,"Down"
"ERV29","ERV29",3329.4899399532,-0.76893088592703,0.0836260641889897,-9.19487116109272,3.75444247678618e-20,2.15891550233184e-19,"Normal"
"MPM1","MPM1",35554.9275380625,0.925688287182411,0.100720209144698,9.19069067710672,3.90326996349524e-20,2.24184264215406e-19,"Normal"
"FIM1_3170","FIM1_3170",776.635737744435,-1.15041922785185,0.125281430215101,-9.18267955495594,4.20495170841869e-20,2.41226214299957e-19,"Down"
"ubi3","ubi3",9723.42922993917,-0.729142490996335,0.0794104613975274,-9.18194502543261,4.23373968424258e-20,2.42591286860079e-19,"Normal"
"ILV1","ILV1",7822.25695179039,-0.835015019159597,0.0910118929571609,-9.17479015135568,4.52454850474617e-20,2.58920851310112e-19,"Normal"
"YBL028C","YBL028C",314.018903820178,-1.58723016590606,0.173001239929303,-9.17467508645995,4.52938307498652e-20,2.58920851310112e-19,"Down"
"MRP8","MRP8",1843.83487130643,-0.900211556736426,0.0981547708165755,-9.17134795636858,4.67140603977948e-20,2.66725757312438e-19,"Normal"
"HCS1","HCS1",985.044865846276,0.828109296954786,0.0905237386174571,9.14797940962514,5.80083516266687e-20,3.30824625063361e-19,"Normal"
"TCP1","TCP1",3398.34170549873,-0.792302800646407,0.0867625426475285,-9.13185317614682,6.73365970220741e-20,3.83573886201944e-19,"Normal"
"GCN1","GCN1",6175.57201277925,-0.834224956168882,0.0914092048187281,-9.12626860525938,7.09009357293102e-20,4.02932920127156e-19,"Normal"
"SCW4","SCW4",19021.7176732197,0.86454737794289,0.0947311793826531,9.126323387685,7.08650811796912e-20,4.02932920127156e-19,"Normal"
"FIM1_4199","FIM1_4199",397.841236488217,-1.08803365864833,0.119320043231218,-9.11861602781978,7.60897568941653e-20,4.31916038257885e-19,"Down"
"YET1","YET1",5331.17522047339,-0.745648700598072,0.0818163238758528,-9.1136910737949,7.96258074974445e-20,4.5146067518096e-19,"Normal"
"RAV1","RAV1",1808.87158116171,0.919959436002469,0.100983316036247,9.1100141301783,8.23712423437114e-20,4.66482361944165e-19,"Normal"
"SUM1","SUM1",3373.34897038719,0.835684409423916,0.0917351951140019,9.10974690123445,8.25743801949198e-20,4.67088374117713e-19,"Normal"
"OAC1","OAC1",2798.87164835782,-1.18961060786091,0.130779823159877,-9.09628549051198,9.34740614699256e-20,5.28128447305079e-19,"Down"
"UBC7","UBC7",1121.69715585028,-0.843201337431105,0.0928366637677048,-9.08263290827595,1.05979561161431e-19,5.98089068157253e-19,"Normal"
"PTC2","PTC2",7232.04407564782,-0.758110671603917,0.0835262030409898,-9.07632148957951,1.12306287040453e-19,6.33058293189747e-19,"Normal"
"TGL4","TGL4",3166.94859907865,0.762268712405885,0.0840234514686998,9.07209474357101,1.16750517951372e-19,6.57347354259232e-19,"Normal"
"ERF2","ERF2",4427.8696165314,0.917482279785124,0.101165325338587,9.06913783664937,1.19962453570884e-19,6.74649955903848e-19,"Normal"
"SKN7","SKN7",925.639331724171,1.026542366638,0.113226988941922,9.06623390969579,1.23201792438333e-19,6.92066484922383e-19,"Up"
"THG1","THG1",214.712320963205,1.51064063688208,0.166746467780579,9.05950606923754,1.31042595996167e-19,7.35260939890733e-19,"Up"
"KGD2","KGD2",13218.4630991855,0.72296193149597,0.0799339528178567,9.04449118315672,1.50363798225354e-19,8.42696304010372e-19,"Normal"
"rplE","rplE",4543.79691651479,-0.835040254419473,0.0923612810613303,-9.04102070503964,1.55215626964674e-19,8.68885635278056e-19,"Normal"
"SUR7","SUR7",10410.3073861323,0.848332957507067,0.0938383635765907,9.04036393190787,1.56151071282972e-19,8.73116289256572e-19,"Normal"
"RSA1","RSA1",1140.63220846222,0.829259795635222,0.0917864238384603,9.03466723025052,1.64502167552596e-19,9.18754059928812e-19,"Normal"
"YGR266W","YGR266W",1785.05212632899,1.10870672416275,0.122743066442635,9.0327442216943,1.67419658801592e-19,9.33974881879373e-19,"Up"
"CDC28","CDC28",1292.31967784744,-0.954234448093568,0.105809581871652,-9.01841242744034,1.90834667876498e-19,1.06337804038062e-18,"Normal"
"SIP4","SIP4",38544.2652337138,0.923977664636608,0.102507749375601,9.01373476897869,1.99155977182121e-19,1.10847524986017e-18,"Normal"
"FIM1_5164","FIM1_5164",3860.79665117646,0.748510633442462,0.0830811278040426,9.00939422979332,2.07197789723113e-19,1.15191540076042e-18,"Normal"
"MST1","MST1",1285.90200097168,0.796197656740378,0.0883955005566403,9.00721927843155,2.11347203777299e-19,1.17364121503302e-18,"Normal"
"RPP1A","RPP1A",5009.12525090236,-0.771718931040655,0.0857023461550797,-9.0046418291072,2.16370921295614e-19,1.20016701663857e-18,"Normal"
"SSU1","SSU1",5484.83037437086,0.878749695372825,0.0975954542690399,9.00400230681226,2.17635577030246e-19,1.20580532359175e-18,"Normal"
"SNA2","SNA2",7298.58427510197,1.28676021584514,0.143045277942009,8.99547495980117,2.35212963925375e-19,1.30170819101754e-18,"Up"
"APS1","APS1",745.155787349832,-0.897631690444579,0.0999084250219966,-8.98454449909454,2.59808221102333e-19,1.43618674213451e-18,"Normal"
"BIM1","BIM1",290.379143391802,-1.45264656655155,0.161745496401006,-8.98106345384782,2.6816212969364e-19,1.48068157747886e-18,"Down"
"YAP7","YAP7",4199.57628223187,0.98719493589719,0.110123231514197,8.96445665753934,3.11814357579528e-19,1.71975705275701e-18,"Normal"
"ESF1","ESF1",797.223549586206,0.934857517348244,0.104289126321481,8.96409386407607,3.12842448597859e-19,1.72347104051813e-18,"Normal"
"TRK1","TRK1",1766.9955073019,0.95588148298201,0.106641103269541,8.96353707599939,3.14426802785325e-19,1.73023763843023e-18,"Normal"
"IPP1","IPP1",24338.7484986311,-0.732546707245826,0.0817477445826584,-8.96106321936649,3.21562620871657e-19,1.76750313893143e-18,"Normal"
"LOC1","LOC1",521.448074161025,-1.64600451099479,0.183709414574515,-8.95982666325003,3.25189196282649e-19,1.78541729348858e-18,"Down"
"RDS1","RDS1",1425.26522696402,0.855858459156299,0.09552554394408,8.95947223977404,3.26236080947674e-19,1.7891434732785e-18,"Normal"
"CCT7","CCT7",2008.06449991142,-0.826621867219017,0.0922756549682451,-8.9581793540613,3.30083269819687e-19,1.80616509915975e-18,"Normal"
"ORC4","ORC4",1337.14370533023,-0.804796985880104,0.0898382246345838,-8.95829129697976,3.29748400832046e-19,1.80616509915975e-18,"Normal"
"TIM8","TIM8",2321.74725550589,-0.818186757831522,0.0913786049988661,-8.95381099155185,3.43416597749709e-19,1.87700927836427e-18,"Normal"
"GAS3","GAS3",3653.68142003656,-0.902154417139494,0.100767804370799,-8.95280414982351,3.46564397973395e-19,1.89208585365475e-18,"Normal"
"DDP1","DDP1",1434.00726195775,-0.771597394739734,0.0861990779231684,-8.95134163067823,3.51187672606578e-19,1.91517497328324e-18,"Normal"
"RSM10","RSM10",2962.46687287556,-0.726376813623197,0.0811549890052918,-8.9504887195023,3.53911945638558e-19,1.92786787427999e-18,"Normal"
"PSY4","PSY4",816.915687078588,0.853427683627791,0.0954622075705461,8.93995336318943,3.89334645534609e-19,2.1184513355573e-18,"Normal"
"CMR3","CMR3",1881.86677582189,0.87772275997544,0.0983204057481342,8.92716779692598,4.37054217437862e-19,2.37544344802077e-18,"Normal"
"FSH2","FSH2",1218.27465946142,-1.12520525063097,0.126053717478122,-8.9263948191473,4.40117616309183e-19,2.38942066776125e-18,"Down"
"MRX14","MRX14",1434.86635484964,-0.998578179026009,0.111904303029292,-8.92350117014378,4.51774976371078e-19,2.44997166315521e-18,"Normal"
"ISN1","ISN1",4310.53453264339,1.04563131694171,0.117203228550833,8.92152315145657,4.59918615825696e-19,2.4913540181684e-18,"Up"
"BDP1","BDP1",572.639342984108,1.11794901551317,0.125359871630052,8.9179176795293,4.75137383765255e-19,2.57092711326879e-18,"Up"
"PSF1","PSF1",119.27746943643,-1.87642291630751,0.210774119991034,-8.9025299519093,5.45879398456607e-19,2.95042046396068e-18,"Down"
"YCR090C","YCR090C",870.818906996704,-0.837392245644643,0.0940723563944992,-8.90157616689199,5.50591584692381e-19,2.97258278891142e-18,"Normal"
"ARO9","ARO9",3115.46322335434,-1.04628638270365,0.11757059480379,-8.89921824797913,5.62414062626613e-19,3.03304098812732e-18,"Down"
"YCR061W","YCR061W",22080.0263293689,0.910719690044701,0.102398368735089,8.89388865559753,5.90068215441135e-19,3.17864906743733e-18,"Normal"
"RPN12","RPN12",2731.47259323074,-0.836479646012513,0.0940905751344733,-8.89015339545991,6.10246040064436e-19,3.28370488225149e-18,"Normal"
"YPL067C","YPL067C",3727.03902484682,0.852887811632812,0.0960231101653111,8.88210983964694,6.56040090175006e-19,3.52621548469066e-18,"Normal"
"MON1","MON1",3349.17800718138,0.979864508359397,0.110383901712553,8.87687872196284,6.87627060319954e-19,3.69191147634769e-18,"Normal"
"UFO1","UFO1",2134.18282409293,0.700734344827674,0.0789522722885039,8.87541706547825,6.96718351126912e-19,3.73659433567954e-18,"Normal"
"STF2","STF2",64853.9155792451,-0.840768948517197,0.0947409106829709,-8.87440222451144,7.03100245469384e-19,3.76666382881558e-18,"Normal"
"PUP3","PUP3",3301.38154716457,-0.715140678903077,0.0805943168270934,-8.87333880424021,7.09849590152362e-19,3.79863343452679e-18,"Normal"
"PPR1","PPR1",1660.81252147055,0.75486703723029,0.085093416846823,8.87103920846344,7.24664319633319e-19,3.87364568657678e-18,"Normal"
"CCN1","CCN1",1270.16691711266,-0.967840717998745,0.109157662190273,-8.86644783864733,7.55162929370842e-19,4.03223810309112e-18,"Normal"
"DUR1","DUR1",2936.8894282673,-0.664999657704937,0.0750258473173281,-8.86360742974704,7.74661807787768e-19,4.13181308895803e-18,"Normal"
"ATH1","ATH1",7748.63981885806,0.938619368609686,0.105954254406227,8.8587227938109,8.09363504198175e-19,4.31216805581023e-18,"Normal"
"PEX30","PEX30",3264.55683277979,-0.693860823400706,0.0783573636346122,-8.85508127399799,8.3622858730418e-19,4.45042136441512e-18,"Normal"
"MRPL39","MRPL39",1437.87662089215,-0.896019052174826,0.101240786293473,-8.85037626611752,8.7224719895678e-19,4.63703406972756e-18,"Normal"
"ITR2","ITR2",54147.706418419,0.675611516726712,0.0763446165032908,8.84949781229945,8.79139865775867e-19,4.66856897027862e-18,"Normal"
"ERG7","ERG7",858.844392938384,-1.02103363101109,0.115475133760665,-8.84202163495466,9.40020143892257e-19,4.9848566677006e-18,"Down"
"IPK1","IPK1",309.566440777184,-1.37525609657526,0.155537915776164,-8.84193471226917,9.40751916913243e-19,4.9848566677006e-18,"Down"
"ULA1","ULA1",2457.03272531075,-0.694255822314956,0.0785363056998511,-8.83993480630796,9.57744715324198e-19,5.0693699038783e-18,"Normal"
"ARO80","ARO80",2626.04571639532,0.816432968624841,0.0924126241370394,8.83464760630697,1.00414293054628e-18,5.30917355769791e-18,"Normal"
"SUI2","SUI2",4556.06716387823,-0.748921797318888,0.0847952754394357,-8.83211704234394,1.02712884052326e-18,5.42480330011143e-18,"Normal"
"PPX1","PPX1",506.480793947568,-0.986860662795184,0.111742552662358,-8.8315564597588,1.03229067701517e-18,5.44614592792258e-18,"Normal"
"EFM1","EFM1",1622.54838954687,0.788122685353935,0.0893011501318421,8.82544831942668,1.09022181739139e-18,5.74553992484248e-18,"Normal"
"PBP1","PBP1",5977.51277663669,-0.626085309211102,0.0709705195484863,-8.82176589933749,1.12668608107431e-18,5.93127591326118e-18,"Normal"
"OGG1","OGG1",144.233800506568,-1.78044157783196,0.201839249776174,-8.82108697791113,1.13353924006701e-18,5.96089520290648e-18,"Down"
"CCT3","CCT3",1589.87131040447,-0.98695807112327,0.11198164175734,-8.81357029272685,1.21222042836933e-18,6.36776114750983e-18,"Normal"
"URA1","URA1",5059.03306193932,-0.774889941883979,0.0879318350086114,-8.81239362067324,1.22501613148002e-18,6.42802741129743e-18,"Normal"
"SEC26","SEC26",4056.18037766484,-0.83170225741477,0.0943957960334743,-8.81079764526626,1.24258493401292e-18,6.51318251819715e-18,"Normal"
"SSC1","SSC1",113200.20000728,0.642423041942405,0.0729581244776108,8.80536672978141,1.30425423421834e-18,6.82906392679623e-18,"Normal"
"FIM1_4274","FIM1_4274",3687.78121084718,0.917094683195999,0.104205712407983,8.800810070809,1.35832066443664e-18,7.10449957857655e-18,"Normal"
"FMO1","FMO1",757.29031341083,-1.2088753976175,0.137385038857553,-8.79917789935566,1.37822053138078e-18,7.20083178707443e-18,"Down"
"FIM1_1629","FIM1_1629",496.654798777435,0.999585474339922,0.113715213786379,8.79025278198663,1.49223829130479e-18,7.78816955687428e-18,"Normal"
"CBP6","CBP6",1073.82505267137,0.8041701383288,0.0915131427865281,8.7874824734703,1.52948733623374e-18,7.97401176690957e-18,"Normal"
"CIA1","CIA1",792.267556258838,0.92446720988929,0.105298532079178,8.77948810524872,1.6422035750431e-18,8.55248357034773e-18,"Normal"
"SLX5","SLX5",2685.90073341195,0.678893790316372,0.0773855003835949,8.77288105589728,1.74151969137912e-18,9.06000447581492e-18,"Normal"
"FIM1_4740","FIM1_4740",19549.1084896686,-0.955575489932515,0.10892738907839,-8.77259152190669,1.7460049986851e-18,9.07362383808651e-18,"Normal"
"MFG1","MFG1",1488.90165433987,0.758567483929803,0.0864851962410927,8.77106738377702,1.76980488458676e-18,9.1874806989392e-18,"Normal"
"LAM6","LAM6",3389.77797219671,-0.851931641697541,0.0971463079470541,-8.76957302548084,1.79345069667813e-18,9.3002955551324e-18,"Normal"
"MIL1","MIL1",1953.42854651572,0.75383739602362,0.085982086621463,8.76737731828255,1.82876123042786e-18,9.47329511583046e-18,"Normal"
"VPS62","VPS62",2499.95471768398,0.752096648325415,0.0858531453996399,8.76026900149624,1.94784976424941e-18,1.00794483540872e-17,"Normal"
"PSD2","PSD2",1838.86733916054,0.84151275865164,0.0961372100546518,8.75324713680851,2.07300047095799e-18,1.07156481791329e-17,"Normal"
"YDL124W","YDL124W",19265.0566303032,-0.778743203673182,0.0889988326603532,-8.75003840381934,2.13280152648613e-18,1.10130527281574e-17,"Normal"
"FIM1_1000","FIM1_1000",13908.7877071288,0.85534971706344,0.0977760861863145,8.74804617801486,2.17078437939888e-18,1.11972837574301e-17,"Normal"
"YJL193W","YJL193W",518.11945997756,0.982872989742872,0.112355223044968,8.74790653345501,2.17347168828679e-18,1.11992565571426e-17,"Normal"
"RAD59","RAD59",1363.24285749915,0.87679097364169,0.10025210525293,8.74586096151897,2.21321506746231e-18,1.13919618779654e-17,"Normal"
"ADE13","ADE13",5131.64082049787,-0.724720208262389,0.0828681473281574,-8.74546169582507,2.22105567717271e-18,1.14202217305632e-17,"Normal"
"ISU1","ISU1",13205.9113487933,0.671244579987494,0.0767764361762024,8.74284628745965,2.2730985346653e-18,1.16754606553263e-17,"Normal"
"SKS1","SKS1",6833.77048905425,-1.01479422930876,0.116177709320725,-8.73484453465402,2.4399147066533e-18,1.25190555011915e-17,"Down"
"SSA3","SSA3",286937.176047432,0.724737100192832,0.0830887880144953,8.72244158942838,2.72266137233866e-18,1.39550755360692e-17,"Normal"
"CCT4","CCT4",3564.12935234091,-0.740598829170925,0.0849261755875214,-8.72050135364561,2.76972635629702e-18,1.4181349173074e-17,"Normal"
"FIM1_4094","FIM1_4094",4815.28799682538,-0.637969440441247,0.0731823176087233,-8.71753534579509,2.84323067918663e-18,1.45423767054398e-17,"Normal"
"ERG9","ERG9",2294.19531395068,-0.856940410270692,0.0984384404631103,-8.70534321997746,3.16615152765095e-18,1.61770034414889e-17,"Normal"
"YNL217W","YNL217W",809.278787509306,0.893660132510999,0.10266227775649,8.7048539350619,3.17984008337635e-18,1.62298770642077e-17,"Normal"
"MDY2","MDY2",1020.40679562717,-0.853515582227581,0.0980556414644658,-8.70440057787888,3.19257564417946e-18,1.62777807503337e-17,"Normal"
"FIM1_3981","FIM1_3981",808.446709420505,-0.962185844483317,0.11067814489808,-8.69354871613872,3.51290938495458e-18,1.78922711755705e-17,"Normal"
"APC2","APC2",551.982477106445,0.931532437856324,0.107200218963872,8.6896505143358,3.63556136988246e-18,1.84975839751402e-17,"Normal"
"SGA1","SGA1",5609.36571014437,0.685886883713338,0.0789348477370353,8.6892786060513,3.64748158343612e-18,1.85388211442637e-17,"Normal"
"ARO2","ARO2",1397.12280018045,-0.884563274571846,0.102008233005116,-8.67148904076675,4.26505681845505e-18,2.16550794993449e-17,"Normal"
"MCM3","MCM3",2785.91968945397,-0.742064426340212,0.0856110178256424,-8.66786127752294,4.40312720170248e-18,2.23327714750233e-17,"Normal"
"EFM2","EFM2",382.422802972774,1.0665973511614,0.123103528442753,8.66423054362245,4.54572669624951e-18,2.30319979323007e-17,"Up"
"DED81","DED81",6639.46363422787,-0.700490037137236,0.081028171698925,-8.64501842322242,5.37966172360055e-18,2.72289336614324e-17,"Normal"
"PIN3","PIN3",27398.2365266859,0.907919571479038,0.105074245656361,8.64074317933564,5.58485314895339e-18,2.8238086837424e-17,"Normal"
"TDS4","TDS4",1886.58192270272,0.702297730100317,0.0813859918790229,8.62922124417007,6.1771103023121e-18,3.12001860279985e-17,"Normal"
"INO4","INO4",631.225479929546,1.02745478133351,0.119298223719088,8.61249018889726,7.14904175576626e-18,3.60718524312235e-17,"Up"
"NAT5","NAT5",548.00112168883,-1.07481424131827,0.124830980480731,-8.61015620624868,7.29610892542332e-18,3.67757191583319e-17,"Down"
"SGN1","SGN1",7076.69137893769,0.718835868245714,0.083575194332454,8.60106726627826,7.89781758835894e-18,3.97673530174467e-17,"Normal"
"DUG2","DUG2",2851.9728444595,-0.743552668374115,0.0864530023096172,-8.60065756549673,7.92606482108651e-18,3.98682701507861e-17,"Normal"
"MET4","MET4",2130.98352721624,0.838025507629366,0.0974654932451003,8.5981764389367,8.09927146564737e-18,4.06973733728858e-17,"Normal"
"ADE6","ADE6",6153.40706274791,-0.627484436132363,0.0730118650315801,-8.59428033869502,8.37882429380224e-18,4.20585818632077e-17,"Normal"
"ARG7","ARG7",1093.98896772449,-0.97088273781363,0.112990274923526,-8.59262213912429,8.50067285685678e-18,4.26261810231859e-17,"Normal"
"UBP16","UBP16",9933.37354287774,-0.649003841771879,0.0755984818221655,-8.58487930086436,9.09318474625671e-18,4.55502934866612e-17,"Normal"
"DAL81","DAL81",5674.34917182829,0.714787029281827,0.0832727991428823,8.58367962454788,9.18856480392643e-18,4.59806759858687e-17,"Normal"
"SSP2","SSP2",153.174255634349,-1.98549777663604,0.231617995233683,-8.57229497489104,1.01442849449289e-17,5.07109882174997e-17,"Down"
"ECM30","ECM30",2303.04804914762,0.749571095463582,0.087495066788495,8.56700980954215,1.06206847713246e-17,5.30379314531e-17,"Normal"
"CMK2","CMK2",8857.32202601416,0.743678535117317,0.0868575724805533,8.56204604709417,1.10881894194149e-17,5.53157211385388e-17,"Normal"
"ywtG","ywtG",3222.74716319565,0.768563587129125,0.0897660088929076,8.56185539056364,1.11065454586817e-17,5.53504660345992e-17,"Normal"
"MRC1","MRC1",464.447332156723,1.03683396790634,0.121191418527412,8.5553414631567,1.17520337681228e-17,5.85073074583081e-17,"Up"
"UTR1","UTR1",2168.91793240915,0.763614729430388,0.0892934543218792,8.55174363260446,1.21242836008719e-17,6.02987656260353e-17,"Normal"
"FIM1_1472","FIM1_1472",4204.10403407249,0.79614336202532,0.0931008177884231,8.55141105027241,1.21592761552234e-17,6.04109640472707e-17,"Normal"
"FIM1_3587","FIM1_3587",1011.72201855737,0.996514662620723,0.116552844704655,8.54989567303906,1.23199819244178e-17,6.11468765789032e-17,"Normal"
"RVB2","RVB2",3185.10057256327,-0.645294878440219,0.0755208122781066,-8.54459663468542,1.28985993899848e-17,6.39533616693227e-17,"Normal"
"MSB3","MSB3",1435.78088451728,-0.881946088891095,0.103310248338024,-8.53686931431458,1.37907380671497e-17,6.83070298351481e-17,"Normal"
"RAD1","RAD1",559.70961868897,0.963945973718688,0.113001957061259,8.5303476044767,1.45908627096996e-17,7.21965396195828e-17,"Normal"
"FIM1_3889","FIM1_3889",942.508620951762,0.966931067923223,0.113372624444999,8.52878790322363,1.47889046561415e-17,7.31020220998896e-17,"Normal"
"YFR006W","YFR006W",2960.72401564502,-0.705607340304521,0.082740233999562,-8.52798337877866,1.48920931659009e-17,7.35372771271467e-17,"Normal"
"SAE2","SAE2",105.949907184555,-1.92212844586492,0.225426513844865,-8.5266298674507,1.50673002956462e-17,7.4326915874665e-17,"Down"
"FIM1_2408","FIM1_2408",1690.73131140421,0.824483702513937,0.0968047230691738,8.51697806030378,1.63770509706142e-17,8.07059743065057e-17,"Normal"
"FES1","FES1",1168.41729144036,0.742230961132309,0.0872235161014182,8.50952809869861,1.7464266872293e-17,8.59765681180058e-17,"Normal"
"UTP22","UTP22",3597.75606218224,-0.869966171300129,0.10226116512367,-8.50729766522838,1.78034045598037e-17,8.75574319393587e-17,"Normal"
"RNH202","RNH202",230.912460055132,-1.28813348152157,0.151422901913439,-8.50686035760916,1.7870655153005e-17,8.779930575172e-17,"Down"
"MGA1","MGA1",3684.40830463047,0.903963538420507,0.106308281793997,8.50322781222443,1.84390553308712e-17,9.05003735885889e-17,"Normal"
"TDA10","TDA10",6181.59090254429,-0.693313323817321,0.0815557949305502,-8.50109209784197,1.8781528431076e-17,9.20882408139238e-17,"Normal"
"MET17","MET17",930.515945686288,-0.88889785406502,0.104661637902542,-8.49306271026196,2.01261630975077e-17,9.85816799302316e-17,"Normal"
"YMR187C","YMR187C",743.529433965351,0.862522478609338,0.101560805151306,8.49267074364314,2.01941809057496e-17,9.88152316425348e-17,"Normal"
"FIM1_4780","FIM1_4780",482.197645538952,-1.35885099174608,0.160040861739552,-8.490650306279,2.05484005502218e-17,1.00447362448217e-16,"Down"
"MTG2","MTG2",496.825767849074,1.03327227609883,0.121724530445299,8.48861172287013,2.09120136558451e-17,1.02122084777639e-16,"Up"
"SEC24","SEC24",4581.66523693881,-0.768908492254085,0.0906134715554396,-8.48558695583855,2.1463255634471e-17,1.04708794305115e-16,"Normal"
"GGC1","GGC1",5017.02526219938,-0.879744210749697,0.103761568382488,-8.47851689661018,2.28082626318972e-17,1.11158824602195e-16,"Normal"
"DIP5","DIP5",12431.9861489415,-0.917408299106907,0.10827309447176,-8.47309577307947,2.38955961219053e-17,1.16341384324988e-16,"Normal"
"TIF32","TIF32",6263.44881578961,-0.711810104570978,0.0840155181423514,-8.47236463345885,2.40461035608596e-17,1.16956974176393e-16,"Normal"
"YUH1","YUH1",1246.38863997528,-0.740648720496738,0.0874778029861652,-8.46670464064893,2.52433132539792e-17,1.22657259101085e-16,"Normal"
"SIP5","SIP5",13997.4211029676,0.693169832985004,0.0819042467226962,8.46317328736169,2.60198642901644e-17,1.26304216369539e-16,"Normal"
"PRP24","PRP24",1344.88806187718,0.942114397318888,0.111387247724955,8.45800948098852,2.71980010241789e-17,1.3189130436775e-16,"Normal"
"SMP1","SMP1",4457.41129600153,0.715850379045,0.0846505767484386,8.45653280275145,2.75444807398527e-17,1.33438316964052e-16,"Normal"
"SEC28","SEC28",2606.84770222179,-0.868739014518098,0.10282554068868,-8.44866954941025,2.9464112998978e-17,1.4259574209366e-16,"Normal"
"MRX1","MRX1",730.069169085683,0.932418766965828,0.110442475886737,8.442573923479,3.10424979129101e-17,1.50085071998836e-16,"Normal"
"YDR306C","YDR306C",551.392219966029,1.06002847445045,0.125638100423438,8.43715776406872,3.25147453781427e-17,1.57046866592839e-16,"Up"
"FIM1_3732","FIM1_3732",422.305525629735,-1.44737592317755,0.171699699038678,-8.42969400226793,3.46570266768714e-17,1.67227897341527e-16,"Down"
"ERG26","ERG26",1189.64392667697,-0.767704082130884,0.0910731145116091,-8.42953583225733,3.47039001429286e-17,1.67287947216756e-16,"Normal"
"ARO7","ARO7",1126.55936311833,-0.993044419049426,0.117811960361793,-8.42906285575629,3.48444395162087e-17,1.67798941139007e-16,"Normal"
"FIM1_305","FIM1_305",12417.5112895468,0.770120696140081,0.0913802697868948,8.42764743347833,3.5268378213101e-17,1.6967232647273e-16,"Normal"
"FYV8","FYV8",731.73751404148,0.917419381489901,0.108988401995074,8.41758723585437,3.84317085826809e-17,1.84707885265328e-16,"Normal"
"ECM33","ECM33",20381.6641201645,-0.578178464476421,0.0686896650572285,-8.4172555506671,3.85406358290146e-17,1.85048369064409e-16,"Normal"
"MRM1","MRM1",775.537491286328,0.85480935880284,0.101606146981699,8.41296894130631,3.99760845508983e-17,1.91751031424299e-16,"Normal"
"CCW12","CCW12",183055.287884729,-0.718513563451995,0.0854369608131391,-8.40986800810331,4.10472376274521e-17,1.96694800425828e-16,"Normal"
"CAF17","CAF17",1146.95865998012,0.889567678689298,0.105842192327489,8.40466036395828,4.29101588539572e-17,2.05419174257515e-16,"Normal"
"MTQ1","MTQ1",163.797407153526,1.45009018380503,0.172570047840545,8.40290770009474,4.35557026410574e-17,2.08304290485136e-16,"Up"
"ARC19","ARC19",2540.26159537639,-0.738665393351122,0.0879400419599288,-8.39964795204107,4.47819164305335e-17,2.13958045168104e-16,"Normal"
"BMS1","BMS1",1528.07373083947,-0.923907091418291,0.110034616918153,-8.39651300013629,4.59932834676697e-17,2.1952982747486e-16,"Normal"
"YRA1","YRA1",3853.91856054761,-0.666646635564283,0.0794189222305056,-8.39405291385606,4.69664607823104e-17,2.23954890030663e-16,"Normal"
"RSB1","RSB1",4879.80789687005,0.644757037159256,0.0768225792834564,8.39280642713467,4.74672788875436e-17,2.26121086386838e-16,"Normal"
"UTR4","UTR4",1979.48550026596,-0.766150345984646,0.09135321314487,-8.38668197438954,5.00055394069581e-17,2.3795403245646e-16,"Normal"
"SHE10","SHE10",1248.85525681913,0.799215624678456,0.0952969728287511,8.38657935246955,5.00491914324969e-17,2.3795403245646e-16,"Normal"
"PUS6","PUS6",653.959173852588,0.948002370770985,0.113042552755581,8.38624347789406,5.01923245313898e-17,2.3840127556014e-16,"Normal"
"LEU3","LEU3",550.226234891611,1.03089358526554,0.122981306281998,8.38252264861858,5.18052214784957e-17,2.45821846839854e-16,"Up"
"MSS4","MSS4",4849.47068939214,0.649542132065783,0.0774940150295719,8.38183609170226,5.21083661136954e-17,2.47019074094094e-16,"Normal"
"FIM1_553","FIM1_553",2571.84861926545,0.855097731257824,0.102128148833327,8.37279184070343,5.62689502223164e-17,2.66482289600619e-16,"Normal"
"MUP3","MUP3",1116.44802212914,0.81424519231143,0.0973255474334751,8.36620202797205,5.95051361040124e-17,2.8153403732171e-16,"Normal"
"MUC1","MUC1",2986.61182026235,0.68620584805226,0.0820259898185113,8.36571249637514,5.97527360404561e-17,2.82430490681495e-16,"Normal"
"ERO1","ERO1",3142.2124452677,0.858677326333312,0.102873472124863,8.34692665268547,7.00621976543007e-17,3.30837918758258e-16,"Normal"
"SLN1","SLN1",3252.73965392736,0.746003166338118,0.0894728139280156,8.33776354612371,7.57087739202213e-17,3.57154303377044e-16,"Normal"
"FPR2","FPR2",964.741166380635,-0.832804142402488,0.0999320704250194,-8.33370247269472,7.83526790258432e-17,3.69268348580574e-16,"Normal"
"TSA1","TSA1",72104.7079270509,-0.625033173477564,0.0750796255815172,-8.32493727341432,8.4373408349504e-17,3.97258130978915e-16,"Normal"
"YCR007C","YCR007C",981.412898875627,0.979879787922127,0.117706282762542,8.3247874703419,8.44801743930633e-17,3.97375767062822e-16,"Normal"
"SFI1","SFI1",908.87136149344,0.778057236639842,0.0934653483903442,8.32455289622846,8.46476252564563e-17,3.97778347312496e-16,"Normal"
"HEM12","HEM12",5423.16707837421,-0.715977151270597,0.0860216839701759,-8.32321710324608,8.56074394944031e-17,4.01900046863096e-16,"Normal"
"GND1","GND1",17521.9559040367,-0.726361092759345,0.087308605511561,-8.31946734807446,8.8359492982194e-17,4.14419668340232e-16,"Normal"
"AMD1","AMD1",5236.03063760921,-0.794283044370068,0.0955078699693634,-8.31641460148629,9.06642659956715e-17,4.24819352432949e-16,"Normal"
"OST6","OST6",384.680615894562,-1.11577431650449,0.134177772407412,-8.31564197620303,9.12569240890401e-17,4.27184387426441e-16,"Down"
"MTC2","MTC2",2141.37624012857,0.832813292922232,0.10019227912618,8.31215039906821,9.39832047109745e-17,4.39522994889918e-16,"Normal"
"SBP1","SBP1",5765.77061966525,0.784360755500399,0.0943726730706358,8.31131226847122,9.46494927610701e-17,4.42213351275038e-16,"Normal"
"PTC6","PTC6",422.393840340251,1.01164207633615,0.12187535957879,8.30062844394845,1.03562105791178e-16,4.83389310316362e-16,"Up"
"GUS1","GUS1",9383.477421387,-0.765104916520983,0.0922705903514107,-8.29196945209841,1.11388540889608e-16,5.19421228582153e-16,"Normal"
"SNF5","SNF5",2222.66513770448,0.730119397669677,0.0881194407051004,8.28556549868589,1.1754919599111e-16,5.47623723222247e-16,"Normal"
"FIM1_1576","FIM1_1576",1587.12830435941,-2.29472186778826,0.277132078400088,-8.28024630362503,1.22920773597059e-16,5.72099654126542e-16,"Down"
"CCP1","CCP1",44124.4925970153,-0.679640184160958,0.0821230070458404,-8.27588039709248,1.27509938667238e-16,5.92890710032641e-16,"Normal"
"GDH3","GDH3",8251.2810623145,0.730932824700684,0.0883684047333118,8.27142717927947,1.32364866386201e-16,6.1487656383418e-16,"Normal"
"PES4","PES4",1201.40439542655,-0.729437147119345,0.0882275511891297,-8.26767984929879,1.36591096576845e-16,6.33902710856629e-16,"Normal"
"TIF11","TIF11",4399.39282286669,-0.703781375272119,0.0851653549044291,-8.26370507187915,1.41219269548601e-16,6.54756136199096e-16,"Normal"
"ILV6","ILV6",3557.250013348,-0.77667496452908,0.0940210148647175,-8.26065285135033,1.44877867215359e-16,6.710787004761e-16,"Normal"
"NAB6","NAB6",6648.48439417466,0.649920869305443,0.0787284830162641,8.2552190059496,1.51623949046409e-16,7.0165787468238e-16,"Normal"
"PHS1","PHS1",852.032428779416,-0.844456986340605,0.102315641109697,-8.25344959169265,1.53886798875311e-16,7.10775623322372e-16,"Normal"
"LHS1","LHS1",1130.86575265019,0.839797650550594,0.101750337325279,8.25351220080873,1.5380616470632e-16,7.10775623322372e-16,"Normal"
"tRNA-Thr","tRNA-Thr",57.5377164707749,2.47273931039463,0.29995324784075,8.24374907821451,1.66896966842674e-16,7.70135196475359e-16,"Up"
"PEX3","PEX3",3663.79653093362,-0.6407591507573,0.0777289114210583,-8.24351118577104,1.67229282395207e-16,7.70936511535401e-16,"Normal"
"VOA1","VOA1",3109.11008414489,-0.633395402495198,0.0768597170113016,-8.24092811065206,1.70879883651363e-16,7.87019293518457e-16,"Normal"
"SRP54","SRP54",2611.85577090112,-0.654830513598946,0.0794946552793001,-8.23741560106444,1.75970371926128e-16,8.09697004913881e-16,"Normal"
"FIM1_175","FIM1_175",89.326232847988,-1.9465872357693,0.236352803891066,-8.235938832638,1.78154947433127e-16,8.18973405466002e-16,"Down"
"YGR122W","YGR122W",1228.36409770446,-0.770701870199448,0.0935794630366218,-8.23580137340431,1.78359645143808e-16,8.19139428878792e-16,"Normal"
"PUF3","PUF3",10663.9965225215,0.751109524337736,0.0912585705385694,8.23056420788762,1.8633369381873e-16,8.54953180609264e-16,"Normal"
"HDA2","HDA2",1774.8683788511,0.822039944974756,0.0999010286889884,8.22854334697522,1.89503727850546e-16,8.68677937382832e-16,"Normal"
"YKR075C","YKR075C",36431.1233470224,-0.671121758584145,0.0815652978656803,-8.22803050004588,1.90316629673084e-16,8.71582001490588e-16,"Normal"
"hemocyanin","hemocyanin",341.198280584837,-1.37101955065269,0.166636844863006,-8.22758947326339,1.91018439593996e-16,8.73972314488912e-16,"Down"
"SEC17","SEC17",2838.15054135278,-0.763033892639034,0.0927913898575239,-8.2231109352994,1.98291261704831e-16,9.06394393813523e-16,"Normal"
"NUP1","NUP1",2199.60377009891,0.660560870278065,0.0803570852306424,8.2203189473848,2.02962677718746e-16,9.26875611875362e-16,"Normal"
"DPM1","DPM1",1893.83733884912,-0.675961891960652,0.0822595936541139,-8.21742318352488,2.07922333949768e-16,9.48633446630913e-16,"Normal"
"BSD2","BSD2",5491.61989253404,0.668253869408126,0.0814243186512803,8.207055097017,2.26679563418993e-16,1.03324202500271e-15,"Normal"
"YTM1","YTM1",433.784114315612,-1.06596988791585,0.129896155410044,-8.20632361713013,2.2806418360085e-16,1.03857907039975e-15,"Down"
"YKL222C","YKL222C",2083.1849331617,-0.660692877532349,0.0805229086865152,-8.20502995122173,2.3053340752918e-16,1.04884066215757e-15,"Normal"
"AIM21","AIM21",1541.82192054025,-1.03833850217534,0.126649088892901,-8.19854695562315,2.43310026546393e-16,1.10593397473239e-15,"Down"
"FAR11","FAR11",1059.9947047383,0.865074874908678,0.105597854483984,8.19216336483315,2.56572056194189e-16,1.1651248794837e-15,"Normal"
"ERV2","ERV2",2408.3892328561,-0.765085773188502,0.0934547531218845,-8.18669728002673,2.68492386700816e-16,1.21811812042882e-15,"Normal"
"ROG1","ROG1",440.080974917214,0.986768769620626,0.120585527240373,8.18314429768686,2.76531694139596e-16,1.25342117707491e-15,"Normal"
"SGF73","SGF73",4388.54232324094,-0.667146758523092,0.0815615078991569,-8.17967661103024,2.84606648916985e-16,1.2888198574908e-15,"Normal"
"CHA1","CHA1",6901.62245882045,-0.613870728020463,0.0750782736086417,-8.17640974565251,2.92426379875502e-16,1.3229979327887e-15,"Normal"
"MIR1","MIR1",38660.2321440408,0.666437741463037,0.0815485685614377,8.17228006842267,3.02615023549028e-16,1.36781990644161e-15,"Normal"
"FIM1_183","FIM1_183",365.00825495649,-1.05570302034603,0.129199580468064,-8.17110254167565,3.05583757882528e-16,1.3799549066461e-15,"Down"
"PBY1","PBY1",5205.44014363311,-0.778397209593297,0.0954664150189464,-8.15362354854128,3.53179095153008e-16,1.59340503560674e-15,"Normal"
"CUZ1","CUZ1",2527.69724748822,0.832004652776401,0.102076217233295,8.15081784305207,3.6147125436234e-16,1.62930317713043e-15,"Normal"
"YJL016W","YJL016W",10634.3223921589,0.619692845967419,0.0760947185018566,8.14370377035167,3.83366477037988e-16,1.72639268946023e-15,"Normal"
"RRP12","RRP12",1049.82323823233,-0.802060487049551,0.0985202701241098,-8.14107072624917,3.91797427259545e-16,1.76272564727234e-15,"Normal"
"SFL1","SFL1",1884.64608378944,0.747996685857461,0.0918880204071517,8.1403068924885,3.94277218499685e-16,1.77224144744678e-15,"Normal"
"FIM1_2017","FIM1_2017",1853.67305163801,0.762471298264023,0.0937285277282749,8.13489037696695,4.12311269900688e-16,1.85159007435069e-15,"Normal"
"AIM19","AIM19",3833.99620023529,1.09853168976194,0.135041990959938,8.13474151227401,4.12818217512408e-16,1.85215486509029e-15,"Up"
"TSR4","TSR4",1480.05464435321,-0.685474168402217,0.0842686196014924,-8.13439417476916,4.14003439435789e-16,1.85575895961116e-15,"Normal"
"PMT6","PMT6",1150.54484899084,-0.765228988392163,0.0941024733433299,-8.13186902750419,4.22721413805536e-16,1.89309064486737e-15,"Normal"
"FIM1_3187","FIM1_3187",288.563213188379,1.1302395936605,0.13903329414653,8.12927292414805,4.31872959017905e-16,1.93229346949171e-15,"Up"
"HEM14","HEM14",2853.5324535209,-0.632068159645675,0.0778211344050416,-8.12206304210244,4.58325134037468e-16,2.04875972979582e-15,"Normal"
"RET3","RET3",1445.57259865864,-0.738325743961244,0.0909132054782222,-8.12121561523981,4.61537229615839e-16,2.06122187380824e-15,"Normal"
"MSC3","MSC3",15360.3906828557,0.691081554198063,0.0851202487743745,8.11888550784068,4.70484097659323e-16,2.09924906384449e-15,"Normal"
"MCH5","MCH5",7044.37692192009,0.699757132746545,0.0862033153607196,8.11751995637751,4.75806584443484e-16,2.12104971909256e-15,"Normal"
"CIN5","CIN5",15984.9192348526,0.854374858220737,0.105417328606742,8.10469084649232,5.28798040555024e-16,2.35511427961216e-15,"Normal"
"CAR2","CAR2",4946.94711389591,-0.705480905365041,0.0870496862124964,-8.10434748314768,5.30293455666566e-16,2.35961163102916e-15,"Normal"
"CIC1","CIC1",1211.08608048503,-0.771996223122007,0.0952717501883329,-8.10309689489201,5.35775327638135e-16,2.38182279688353e-15,"Normal"
"CHZ1","CHZ1",473.449190680458,-1.0783820448324,0.133115454382054,-8.1011032854032,5.44629861435718e-16,2.41897303173323e-15,"Down"
"SEH1","SEH1",1537.95287336879,-0.777037214472052,0.0959209031585031,-8.10081211587476,5.45935089552048e-16,2.42255579920859e-15,"Normal"
"HEL1","HEL1",1647.9993777122,0.909723905472586,0.112309009820509,8.10018632455664,5.48750770035602e-16,2.43282845949178e-15,"Normal"
"PPT2","PPT2",141.125492406032,1.57949896474091,0.195131905906313,8.09451922997798,5.74909605475054e-16,2.54647745943782e-15,"Up"
"THO1","THO1",545.946579640279,-0.965275446908207,0.119296642802843,-8.09138819189979,5.89885263840187e-16,2.61043032513613e-15,"Normal"
"COM2","COM2",4736.94052264313,0.777488847761437,0.0961876568697285,8.08304176506167,6.31709770091847e-16,2.79297340571091e-15,"Normal"
"BNA3","BNA3",4565.16605064689,0.623304552422075,0.0771409621809976,8.08007230917864,6.47283808603186e-16,2.85922911454807e-15,"Normal"
"SSO1","SSO1",3086.55459177535,-0.624156157496047,0.077289702720117,-8.07554092627648,6.71781706279812e-16,2.96474778457185e-15,"Normal"
"PDR17","PDR17",753.845258116191,-0.870691418938257,0.107859276563705,-8.07247597682521,6.88867289236233e-16,3.03739215825668e-15,"Normal"
"SCW11","SCW11",597.430426954553,1.05476889630268,0.130676235907212,8.07161982421677,6.93715945995579e-16,3.05599798875115e-15,"Up"
"GPI12","GPI12",646.933398327491,-0.835801864963486,0.103605385069606,-8.06716624239137,7.19485526408153e-16,3.16664870726197e-15,"Normal"
"STE24","STE24",2380.91461263768,-0.709661254890898,0.0879922656663686,-8.06504127966939,7.32111251580648e-16,3.21930187459762e-15,"Normal"
"MET10","MET10",2653.48809979056,0.661120437858284,0.0820119572398045,8.06126886991802,7.55065478719146e-16,3.31723613119017e-15,"Normal"
"CRT10","CRT10",827.085175706692,0.854933967985494,0.106281710377285,8.04403659811837,8.69265413519229e-16,3.81550193702794e-15,"Normal"
"SNF3","SNF3",1443.9336778108,0.703318363342126,0.0874812599282334,8.03964602154912,9.00983621889546e-16,3.95115471007338e-15,"Normal"
"ROT1","ROT1",4396.11143491078,0.60771454977707,0.0756130281244546,8.03716720320747,9.19391760228387e-16,4.02824577362465e-15,"Normal"
"SHM2","SHM2",4507.30169547995,-0.755070248132421,0.0939922047136452,-8.03332840667801,9.48632979775579e-16,4.15261950335995e-15,"Normal"
"VPS30","VPS30",562.251851539456,0.956519719108346,0.119086266833478,8.03215806945964,9.57728651188076e-16,4.18866203071365e-15,"Normal"
"SCY1","SCY1",2946.66004126762,0.65926918868881,0.0820816990125962,8.03186577056158,9.60013726881494e-16,4.19488012492552e-15,"Normal"
"ROM2","ROM2",5777.52413333816,0.763614662082981,0.0951553215334922,8.02492860910789,1.01585002919726e-15,4.43487447607321e-15,"Normal"
"BNI4","BNI4",670.843582165037,-0.894709208789982,0.11152684148972,-8.02236660555346,1.03727016710991e-15,4.5243229281751e-15,"Normal"
"EFM6","EFM6",1230.72121694051,0.696625765132949,0.0868372277256768,8.02220180650659,1.03866313233116e-15,4.52633556950413e-15,"Normal"
"SVP26","SVP26",1179.97522061134,-0.698185930447476,0.0871238650218545,-8.0137162219828,1.11293337130162e-15,4.84564807451125e-15,"Normal"
"MSG5","MSG5",5210.11968524157,0.801600707570805,0.100033940403485,8.01328733365458,1.11682303014993e-15,4.85823017323056e-15,"Normal"
"SEC18","SEC18",4065.41581920573,-0.641537065838889,0.0800779259761029,-8.01140961156186,1.13401065591709e-15,4.92858477379352e-15,"Normal"
"MRPS17","MRPS17",3091.99910916897,-0.690415601951377,0.0862298090282965,-8.00669292593255,1.17834230364172e-15,5.11668029794025e-15,"Normal"
"YGR210C","YGR210C",1194.53264998174,-0.863417728430204,0.107919737472457,-8.00055438098676,1.2386027527896e-15,5.37354533553988e-15,"Normal"
"TDA9","TDA9",1935.81782725029,0.726012248761351,0.0907677728328778,7.99856850181936,1.25873988506263e-15,5.45603666504847e-15,"Normal"
"YNL181W","YNL181W",1524.18302733551,-0.70159309304437,0.0877208765973559,-7.99801735070119,1.26438558807144e-15,5.4756235048477e-15,"Normal"
"HMT1","HMT1",881.842804731399,-0.902985753623442,0.112911101312725,-7.99731596915772,1.27160625322863e-15,5.50199001285658e-15,"Normal"
"RPN6","RPN6",2963.84869424906,-0.699251374228034,0.0875567928483167,-7.98626070554476,1.3909337063084e-15,6.012942063125e-15,"Normal"
"FIM1_512","FIM1_512",7352.33811698393,0.893936469865713,0.112057311280547,7.97749347766919,1.49334792798081e-15,6.44993562849668e-15,"Normal"
"MET13","MET13",4611.63967195812,0.657250675092271,0.0824908661078723,7.96755696846233,1.61841860029353e-15,6.98392182844253e-15,"Normal"
"FIM1_1201","FIM1_1201",375.424090991273,1.03471985567607,0.129940114488012,7.9630517469763,1.67847223962219e-15,7.23664295680943e-15,"Up"
"YJL133C-A","YJL133C-A",11700.9962070065,0.686213202554614,0.08617589918466,7.96293637835073,1.68003855351289e-15,7.2369745846801e-15,"Normal"
"RPM2","RPM2",17938.2874774441,0.886901461824625,0.111471101639792,7.95633530823587,1.77209745884643e-15,7.6267684256287e-15,"Normal"
"SWT1","SWT1",807.262260377,-0.837627343285731,0.105302510629099,-7.95448596886791,1.79876756134582e-15,7.73470051378704e-15,"Normal"
"WHI3","WHI3",4425.60752654291,0.751454828751231,0.0945256949317662,7.94974138295066,1.86901273619489e-15,8.02964888167194e-15,"Normal"
"MGR3","MGR3",7230.6341215459,0.683621422656724,0.0860181258632776,7.9474112670545,1.90449327412935e-15,8.1748523135994e-15,"Normal"
"SAS2","SAS2",227.327806575528,-1.1451709525961,0.144096076778691,-7.9472736398986,1.90660953763405e-15,8.17671292441646e-15,"Down"
"CBC1","CBC1",1907.08859925491,-0.661332988307312,0.0832251330145423,-7.94631338338329,1.92143978809877e-15,8.23304755764718e-15,"Normal"
"HXT15","HXT15",83.8674731597288,1.85857913856845,0.234037244614075,7.94138190112957,1.99941023695487e-15,8.55958972807378e-15,"Up"
"YML020W","YML020W",1718.03911684097,0.686995333567063,0.0865641598384545,7.93625600767258,2.08375684476223e-15,8.9128296731511e-15,"Normal"
"TRM112","TRM112",407.67850067898,-0.961819907824317,0.121222727344638,-7.93431998184506,2.11651769688619e-15,9.04499515318383e-15,"Normal"
"FIM1_1633","FIM1_1633",16435.1122980867,0.667765830843835,0.0842269895529627,7.92816927671311,2.22400026383577e-15,9.49597300701056e-15,"Normal"
"PET8","PET8",647.927042996654,-1.10734253808554,0.139693927229609,-7.92691965961732,2.24648520042036e-15,9.58355714560361e-15,"Down"
"CCC1","CCC1",3935.69244775792,-0.967927009333075,0.12213590384034,-7.92499976582134,2.28146762298745e-15,9.72425542113688e-15,"Normal"
"SEI1","SEI1",291.799752390125,-1.18399904040416,0.149408753715815,-7.92456272445856,2.28950561422389e-15,9.7499629969447e-15,"Down"
"GSM1","GSM1",1532.6693421519,0.793301283685709,0.100306708039548,7.90875604623507,2.59973488665866e-15,1.10613938829023e-14,"Normal"
"LAC12","LAC12",36562.3331568958,-3.33216603518448,0.421387293543673,-7.90760919049669,2.62378972871892e-15,1.11539757583948e-14,"Down"
"MED2","MED2",2787.24644617853,0.608986473099746,0.0770931596268434,7.89935807596217,2.80343441046281e-15,1.19072445808031e-14,"Normal"
"OPY1","OPY1",1556.45125310252,0.852671857371718,0.107960867448645,7.89797152914983,2.83478877498788e-15,1.2029902757787e-14,"Normal"
"SAP155","SAP155",3585.61522469185,0.682801383166035,0.0865260120472095,7.8912845629993,2.99091793059727e-15,1.26813876306912e-14,"Normal"
"ATP1","ATP1",120623.175371114,-0.632567045867271,0.0801651450059927,-7.89079899774377,3.00257920956041e-15,1.27197318040576e-14,"Normal"
"FIM1_4856","FIM1_4856",722.82690313059,-1.06409721042975,0.135007495904646,-7.88176392206632,3.2279145830199e-15,1.36624015321374e-14,"Down"
"EMC6","EMC6",365.029916044604,-1.04321736030448,0.132368360998195,-7.881168524242,3.24333520259205e-15,1.37157230194907e-14,"Down"
"MRT4","MRT4",812.378261642944,-0.999090593720775,0.126821349895283,-7.8779369131911,3.32830678621432e-15,1.4062819716709e-14,"Normal"
"NBA1","NBA1",651.071710680169,-1.09049792648844,0.138430026575572,-7.87761119075642,3.33699192706779e-15,1.40872665279082e-14,"Down"
"CTA1","CTA1",24869.6559256266,-0.567463437456891,0.0720396170080189,-7.87710236429665,3.35060407380556e-15,1.41324524258865e-14,"Normal"
"ARP6","ARP6",749.9080912923,-0.834176245252089,0.105906563318467,-7.87653020846006,3.36597571893823e-15,1.41849748641118e-14,"Normal"
"URA9","URA9",1795.48671181948,-0.711956510174427,0.090468464198341,-7.86966504276617,3.55592020763768e-15,1.49724577893514e-14,"Normal"
"TFG2","TFG2",5205.19232700075,-0.61567926896686,0.0782514817346447,-7.86795668680964,3.60480330679934e-15,1.51651422231498e-14,"Normal"
"FIM1_2893","FIM1_2893",2046.5626027623,-0.801395221114361,0.10186305990864,-7.86737824126945,3.62150448641335e-15,1.52222234424589e-14,"Normal"
"VHC1","VHC1",1516.74513031115,0.739384696162729,0.0940032830648227,7.8655199271377,3.67567587596882e-15,1.54365679181785e-14,"Normal"
"CDC39","CDC39",3948.63601803774,-0.81369532045826,0.103453450369121,-7.86532800554263,3.68131579495474e-15,1.5446902804564e-14,"Normal"
"CWC23","CWC23",752.994265129019,0.890242614219416,0.113210838114705,7.86358116452972,3.73304274070319e-15,1.56504354418264e-14,"Normal"
"TCA17","TCA17",253.418419372244,1.17845347149512,0.149869509109393,7.8631969804808,3.74451472616315e-15,1.56849974607127e-14,"Up"
"SAS4","SAS4",588.414363673204,0.879898736207226,0.111903158638039,7.86303753098999,3.74928617758084e-15,1.56914569654309e-14,"Normal"
"FIM1_1051","FIM1_1051",2221.89773177267,-0.648938042089228,0.0825944556212214,-7.85692014322682,3.93693670212009e-15,1.64626294626519e-14,"Normal"
"YOR022C","YOR022C",2319.96461684614,-0.670040331949179,0.0853574880321888,-7.84981314933381,4.1665756416987e-15,1.74079028744746e-14,"Normal"
"AIM27","AIM27",608.158490999742,-0.905015871279068,0.115345183351012,-7.84615226216229,4.28996046510859e-15,1.79080050686964e-14,"Normal"
"GRE2","GRE2",26444.2498114838,-0.563850036627713,0.0718784155298767,-7.84449730104784,4.34691247608214e-15,1.81301697178396e-14,"Normal"
"TRP5","TRP5",3866.59748317473,-0.730930716617733,0.0932519223355918,-7.83823752165971,4.56914123579243e-15,1.9040700913135e-14,"Normal"
"YDR222W","YDR222W",306.650937751502,-1.05200852313685,0.134258182874761,-7.83571251011339,4.6619144565019e-15,1.94106618201737e-14,"Down"
"PMU1","PMU1",3031.46466826844,-0.673595710493507,0.0860108872780177,-7.83151682084393,4.82018843772584e-15,2.0052479125779e-14,"Normal"
"VPS68","VPS68",1472.24226350529,-0.678635353974173,0.0866595923907296,-7.83104714956829,4.83823174067792e-15,2.01103233772062e-14,"Normal"
"ABP140","ABP140",921.931659446293,0.844420405201214,0.107937044950525,7.82326777232291,5.14694606448603e-15,2.13752230148185e-14,"Normal"
"CDC8","CDC8",288.930984058853,-1.23575942851602,0.158089143367664,-7.81685194942225,5.41607413462479e-15,2.2473701298157e-14,"Down"
"RFA3","RFA3",368.292100226861,-1.04699991767131,0.13404106059378,-7.8110387446449,5.67185745409076e-15,2.35149789841527e-14,"Down"
"AHC1","AHC1",3810.57610468553,0.666114439408077,0.0853096838792895,7.80819256522634,5.8013903008375e-15,2.40315050910225e-14,"Normal"
"FIM1_1274","FIM1_1274",324.499983358726,1.05721572795057,0.135405418850307,7.80778004992062,5.82040435519373e-15,2.40897314837192e-14,"Up"
"FZO1","FZO1",3204.21998050655,0.747545794615062,0.0957471745963268,7.80749716915135,5.83347861155539e-15,2.41232958072746e-14,"Normal"
"YOL057W","YOL057W",3901.15298884197,-0.615650897951489,0.0789273505688217,-7.80022252760993,6.17981045206442e-15,2.55337576416505e-14,"Normal"
"GDI1","GDI1",9052.21780235433,-0.632038947597576,0.0810635893017866,-7.79682904546204,6.34821482995078e-15,2.62072862011307e-14,"Normal"
"NCP1","NCP1",2929.69738909866,0.666331492145049,0.0854998374452313,7.79336560226656,6.52474768482878e-15,2.69131994911571e-14,"Normal"
"HOS2","HOS2",1779.41951331639,0.684072009147494,0.0877989998574165,7.79134170387375,6.6301340280472e-15,2.73246999510444e-14,"Normal"
"PAN3","PAN3",1369.42503919254,0.72456693887658,0.0930901360367245,7.78349855016578,7.05459616480694e-15,2.90493921735567e-14,"Normal"
"MNN5","MNN5",8280.7043801992,0.600371128092105,0.0771667118563279,7.78018284891937,7.24198000341444e-15,2.97957500733199e-14,"Normal"
"CDC27","CDC27",2040.77978771093,0.803452586466399,0.103372333026367,7.77241417451092,7.70041791298474e-15,3.16551020636149e-14,"Normal"
"MET3","MET3",747.297669477088,0.821132919443332,0.105656754673403,7.77170302061188,7.74378377117444e-15,3.18064626746717e-14,"Normal"
"NCR1","NCR1",4026.77742450263,-0.590745476975491,0.0761049337242561,-7.7622494110025,8.3436116932749e-15,3.42412240013706e-14,"Normal"
"ADK1","ADK1",9587.57370727228,-0.794762320341656,0.102618413581961,-7.74483148394106,9.57086940170971e-15,3.92446028885295e-14,"Normal"
"LCD1","LCD1",408.004808436118,0.886096942603727,0.114413500752863,7.74468866674859,9.58163268814834e-15,3.9255609807515e-14,"Normal"
"POX1","POX1",871.49537754135,0.91111590826516,0.117699263185946,7.74105022922481,9.85989333500176e-15,4.03616021185961e-14,"Normal"
"cyp524A1","cyp524A1",8413.36365399239,-0.728387799289456,0.0940973591079426,-7.74078896788054,9.88017734803848e-15,4.04105906852853e-14,"Normal"
"JEM1","JEM1",859.419539437054,0.79719831251238,0.103067787536508,7.7346989934173,1.03648040710286e-14,4.23570924988461e-14,"Normal"
"PRE9","PRE9",5909.85053668833,-0.66508864615729,0.0860439072599787,-7.72964254340226,1.07848986739278e-14,4.40368257618616e-14,"Normal"
"CDC7","CDC7",463.197720609063,0.942710128906307,0.122002961479398,7.72694463704064,1.10158525442459e-14,4.49420885915121e-14,"Normal"
"ARC1","ARC1",5408.97238568254,-0.627328884140999,0.0814436441766138,-7.7026131441345,1.33311487869262e-14,5.43423254661697e-14,"Normal"
"YLR278C","YLR278C",2695.5252570201,0.711320235680908,0.0923520642038879,7.70226677457376,1.33673446810643e-14,5.4444197657411e-14,"Normal"
"PHO88","PHO88",5629.00697568753,-0.911988648625496,0.118417232608911,-7.70148591157726,1.34493005859033e-14,5.4732120223538e-14,"Normal"
"JJJ2","JJJ2",769.642508437015,0.750970353769481,0.0976149741695597,7.69318806011286,1.43513329801296e-14,5.83540811300836e-14,"Normal"
"SPO75","SPO75",411.70166905734,1.02687589014359,0.133504991164091,7.69166666496729,1.45230587874855e-14,5.90029620805953e-14,"Up"
"ARO3","ARO3",1230.11367934764,-0.669808673352993,0.0870854736520601,-7.69139381418693,1.45540696108463e-14,5.90795524136193e-14,"Normal"
"DEF1","DEF1",17847.9584910124,0.592501343695838,0.0771023175623091,7.68461133761663,1.53462165632499e-14,6.22431271125469e-14,"Normal"
"UBS1","UBS1",1211.80424310667,0.788819586032229,0.102703716962794,7.68053590814041,1.58424431221507e-14,6.42021944374731e-14,"Normal"
"PIB1","PIB1",1966.52909720232,0.738292959116204,0.0961697225833919,7.67697919140825,1.62883877061072e-14,6.59543965533123e-14,"Normal"
"TTI2","TTI2",655.307925558152,-0.845656001628598,0.110210699698475,-7.67308440961015,1.6790891268448e-14,6.79325068054861e-14,"Normal"
"RIM1","RIM1",3148.64561359986,-0.845308378589522,0.110175022022961,-7.67241397431585,1.68789160127458e-14,6.82318243809747e-14,"Normal"
"SOP4","SOP4",1595.90325248649,-0.779742194352964,0.101633571535074,-7.6720928190925,1.69212427294995e-14,6.83460668517357e-14,"Normal"
"PRP16","PRP16",1011.08688597159,0.965751976615838,0.125908402364245,7.67027425081592,1.71628984644238e-14,6.92645545171387e-14,"Normal"
"MTW1","MTW1",372.838386933372,1.02861718606886,0.134297465644977,7.65924495394477,1.87029373235654e-14,7.5417072576933e-14,"Up"
"AGP2","AGP2",9039.09631511852,-0.66165986066965,0.086438508299801,-7.65468856050554,1.93781288072452e-14,7.80748987349954e-14,"Normal"
"CYK3","CYK3",1559.71864023726,-0.73363562654758,0.0958556523936206,-7.65354580797162,1.95511948196274e-14,7.87069226417311e-14,"Normal"
"FIM1_1519","FIM1_1519",535.211814088974,0.951149553841422,0.124320498463889,7.65078619852623,1.9975422460059e-14,8.03481603753531e-14,"Normal"
"AIM9","AIM9",3477.41039129337,-0.656208533096642,0.0857786181085916,-7.65002453485453,2.00940970369386e-14,8.07586579838583e-14,"Normal"
"YJR111C","YJR111C",2428.39449433747,-0.590721253289966,0.0772464321885648,-7.64723025456979,2.05354424463814e-14,8.24642271462539e-14,"Normal"
"FIM1_549","FIM1_549",1032.09995953559,-0.9654101914467,0.126261307823014,-7.64612855745133,2.07120600220005e-14,8.31047891386462e-14,"Normal"
"IME2","IME2",2002.81604212243,-0.934272529180548,0.122357550211385,-7.63559361532243,2.24782304284332e-14,9.0116932055905e-14,"Normal"
"MKK1","MKK1",2148.6496401784,0.604651847320564,0.0792505812756677,7.62962034584105,2.35446050085274e-14,9.43142916211333e-14,"Normal"
"ACO2b","ACO2b",190988.055935293,-0.609875448579163,0.0799685985482815,-7.62643662200666,2.41331488655232e-14,9.65922325680207e-14,"Normal"
"PRE3","PRE3",1000.73707008533,-0.846069149038845,0.110966565152938,-7.6245412108842,2.44903820532863e-14,9.79413715200973e-14,"Normal"
"DAS1","DAS1",5659.90315279287,0.564352891765583,0.0741106796771477,7.61500089088515,2.63689650073654e-14,1.05367435008872e-13,"Normal"
"AIM43","AIM43",1021.89659790089,-0.763851817084077,0.100340722995905,-7.61258035897598,2.68677037630575e-14,1.07272122090958e-13,"Normal"
"DSK2","DSK2",5541.74581000209,-0.574463830423198,0.075469018807718,-7.61191598219705,2.7006210522905e-14,1.07736598465349e-13,"Normal"
"TVP15","TVP15",4113.39951937816,-0.727616704970751,0.0956302895695583,-7.60864270353909,2.76989311229902e-14,1.10409439152264e-13,"Normal"
"PHO84","PHO84",14506.0152507863,0.897501732421686,0.118086282999028,7.60038939009597,2.95241020578415e-14,1.17588206474633e-13,"Normal"
"FIM1_4256","FIM1_4256",33916.6299669331,-0.776836149001713,0.102243079799082,-7.59793377242036,3.00896240924924e-14,1.1974241070059e-13,"Normal"
"PHO80","PHO80",1013.15154095271,0.778127174482089,0.102475270861656,7.59331659179102,3.11819436105665e-14,1.23987777417138e-13,"Normal"
"GCN2","GCN2",1545.48295214013,0.653112684658117,0.086023382634008,7.59226927214461,3.14350904112287e-14,1.2489215397233e-13,"Normal"
"FYV6","FYV6",1094.91497106184,0.937385286626055,0.123698753931097,7.57796870895079,3.51007024377869e-14,1.39341759105561e-13,"Normal"
"IRC21","IRC21",1165.39752597141,0.702758771578949,0.0928269135447922,7.57063597983189,3.71401435707851e-14,1.4731751641669e-13,"Normal"
"FIM1_832","FIM1_832",872.186613353034,0.716002332673512,0.09458261349306,7.57012632904301,3.72861456298065e-14,1.47776004580122e-13,"Normal"
"PET117","PET117",2710.19560150978,-0.616020910677682,0.0814191843397883,-7.56604129202314,3.84769790336642e-14,1.523713456598e-13,"Normal"
"SPS4","SPS4",575.017935998744,-1.15132822629194,0.152234317271561,-7.56286918039745,3.94274091130215e-14,1.56007964886133e-13,"Down"
"FAS1","FAS1",19994.9660068479,-1.86826821521311,0.247058221354415,-7.56205644552505,3.96746132243977e-14,1.56858377263912e-13,"Down"
"TOS6","TOS6",821.676344467614,-1.12698985877812,0.149546872299108,-7.53603095438885,4.84491624280996e-14,1.91393886372468e-13,"Down"
"RPN7","RPN7",4965.74900280839,-0.680090116452411,0.0902773003901327,-7.5333457415475,4.94564309803238e-14,1.95214295802919e-13,"Normal"
"VAS1","VAS1",5456.62312657462,-0.698733850834741,0.0927743195967466,-7.53154379220308,5.01438881632201e-14,1.97767169306077e-13,"Normal"
"NSG2","NSG2",3397.43676724623,-0.589836057512584,0.078378676263214,-7.5254659256017,5.2532653178192e-14,2.07020406969047e-13,"Normal"
"EDE1","EDE1",19881.1411688967,-0.546184280480963,0.072609984597366,-7.52216494067093,5.38765541559267e-14,2.12144389500525e-13,"Normal"
"CCZ1","CCZ1",1034.67593242353,-0.752609112145607,0.10005711284299,-7.52179521036758,5.40291681443017e-14,2.12573059119969e-13,"Normal"
"CMC1","CMC1",945.099149061391,-0.795173174190196,0.105746235192165,-7.51963578415044,5.49290446953684e-14,2.159386959343e-13,"Normal"
"SPE1","SPE1",3126.75496133986,-0.635326486543973,0.0845523561485289,-7.51400097506362,5.734715696249e-14,2.25262599580225e-13,"Normal"
"YBL081W","YBL081W",705.705587362647,-1.26778440654847,0.168740533027669,-7.51321797911226,5.76913473712481e-14,2.26431548365828e-13,"Down"
"TIF45","TIF45",4300.49465954932,-0.70408779125084,0.0937744242091042,-7.50831367069575,5.98938576463276e-14,2.34886403796211e-13,"Normal"
"IRS4","IRS4",426.178781545773,0.884689480201872,0.11787438932831,7.50535790889899,6.12609888632916e-14,2.40054149102205e-13,"Normal"
"TRM82","TRM82",593.534759972748,-0.994298125352729,0.132508050088347,-7.50368090610196,6.20502473706206e-14,2.42950968552655e-13,"Normal"
"PCL5","PCL5",1639.51414011521,2.06647645512037,0.275448639089888,7.50222060253495,6.27456557583315e-14,2.45475959202683e-13,"Up"
"YML002W","YML002W",973.309131942122,0.68138210889475,0.0908695519255548,7.4984644961491,6.4569736124505e-14,2.52408968486701e-13,"Normal"
"GAS1","GAS1",7362.9107798567,-0.593398308746598,0.0792116617920173,-7.49129983290413,6.81948275094121e-14,2.663654878362e-13,"Normal"
"CBK1","CBK1",2327.7058114924,0.635617786364147,0.0848773237744549,7.48866432279579,6.95780372526453e-14,2.71549946193256e-13,"Normal"
"YMR31","YMR31",15673.2884410776,0.527669240736199,0.0704816895372691,7.48661452641795,7.06728767637034e-14,2.75601531456529e-13,"Normal"
"FIM1_3832","FIM1_3832",435.423213923454,0.975745360698444,0.130408173765577,7.48224081760743,7.30658967780827e-14,2.84705046066322e-13,"Normal"
"VBA2","VBA2",1410.05205828429,-0.712572568900997,0.0952870773223404,-7.47816586388186,7.5367040261148e-14,2.93436256914197e-13,"Normal"
"ARN2","ARN2",2076.93485914725,0.69381622666383,0.0927932958129553,7.47700812418997,7.60337161774453e-14,2.9579489744292e-13,"Normal"
"RLI1","RLI1",1877.96869244162,-0.893593511139149,0.119513907234979,-7.47689981704164,7.6096379769344e-14,2.95801847439394e-13,"Normal"
"MCM5","MCM5",1384.24967033075,0.699304580401908,0.0936202927980937,7.46958335101626,8.04491376498622e-14,3.12471910344269e-13,"Normal"
"ACF2","ACF2",2568.63287496915,-0.753982978780534,0.100986958730688,-7.46614204702664,8.25801999949441e-14,3.20492964676864e-13,"Normal"
"NCA2","NCA2",2727.61320816998,0.649415374593431,0.087038521423,7.46124088479544,8.57113856487064e-14,3.32379587284169e-13,"Normal"
"ADE2","ADE2",3545.61257385708,-0.604260010227487,0.0809909301316686,-7.46083554350011,8.59755083935788e-14,3.33137954772248e-13,"Normal"
"NOP58","NOP58",3365.36313668386,-0.7103482792328,0.0952808802122983,-7.45530769289757,8.96583411917926e-14,3.47131378367267e-13,"Normal"
"GLE1","GLE1",771.549999216396,0.766178801673415,0.1028752651806,7.44764837619976,9.50186595267796e-14,3.67592091274381e-13,"Normal"
"LYS5","LYS5",310.663106653513,-1.03367040245399,0.138977193307165,-7.43769807013863,1.02454897717467e-13,3.96044827374043e-13,"Down"
"CDC43","CDC43",869.383975313498,-0.69071143174074,0.0929143789812841,-7.43384866060259,1.05482649268304e-13,4.07424636561757e-13,"Normal"
"MDN1","MDN1",4095.47026072806,-0.761287461876481,0.102413304255923,-7.43348207937985,1.05775528329878e-13,4.08231367875199e-13,"Normal"
"FIM1_3086","FIM1_3086",385.14875661441,1.05835975839953,0.142421873288801,7.43116021408738,1.07649226297304e-13,4.15133008395715e-13,"Up"
"SEC23","SEC23",4204.37899293569,-0.670242603389061,0.0902169854577056,-7.42922854259274,1.09232872051993e-13,4.20906047026671e-13,"Normal"
"FIM1_3990","FIM1_3990",6615.63384704542,0.680957840370928,0.0916927900691521,7.42651455864053,1.11496629796817e-13,4.2928852946334e-13,"Normal"
"VPS34","VPS34",1658.14771413206,0.655815734571894,0.0885176365323011,7.4088708223991,1.27379302970782e-13,4.90052282767246e-13,"Normal"
"SPC2","SPC2",579.09892512155,-0.820071220962711,0.110692354216417,-7.4085624681843,1.27675770583917e-13,4.90804247838015e-13,"Normal"
"UTP4","UTP4",713.596252487016,-1.14738145711349,0.154960875336585,-7.40432999375683,1.31814272507306e-13,5.06312687836362e-13,"Down"
"FIM1_3416","FIM1_3416",1005.66801952761,-0.837966943305413,0.113196045442217,-7.40279344593508,1.33349088060757e-13,5.11803490432242e-13,"Normal"
"SPR6","SPR6",719.006311893214,1.04598471396477,0.141313308210735,7.40188399244703,1.34265775182981e-13,5.14915076254228e-13,"Up"
"SRP40","SRP40",326.732606684589,-1.12462089775385,0.15203848813845,-7.39694870373703,1.39349348083282e-13,5.3398933938223e-13,"Down"
"GAL4","GAL4",719.659584536419,0.78148605926223,0.105674474506271,7.3952206804289,1.4117361864953e-13,5.40553674561124e-13,"Normal"
"YTH1","YTH1",760.563954077854,0.765895103992218,0.10362018496049,7.39136978267557,1.45323841505327e-13,5.56006729034948e-13,"Normal"
"APE3","APE3",4074.15019185173,-0.669613854856745,0.0906921726065406,-7.38336987208148,1.54332502975822e-13,5.90009151817089e-13,"Normal"
"ACB1","ACB1",61.2511104171612,2.05702924002556,0.278647857634144,7.38218214735525,1.55715954644569e-13,5.9483005001412e-13,"Up"
"CYT2","CYT2",2734.27158439002,0.634103635846934,0.0859069254323952,7.38128658027628,1.56767154559995e-13,5.98375179895535e-13,"Normal"
"SVL3","SVL3",4298.02649251024,0.563782549889037,0.0764130685451159,7.37809069342855,1.60575576630309e-13,6.12305924473415e-13,"Normal"
"FIM1_4164","FIM1_4164",143.876978869154,1.37281964857295,0.186069011425194,7.37801334063015,1.6066887295814e-13,6.12305924473415e-13,"Up"
"PEX32","PEX32",889.158659535294,0.742029942678102,0.100630712453959,7.37379200229352,1.65841866405904e-13,6.31524787512764e-13,"Normal"
"RPT5","RPT5",3659.58329392067,-0.590218458270705,0.0800621310629482,-7.37200534678062,1.68080274344628e-13,6.39547418199331e-13,"Normal"
"TOM5","TOM5",1139.92896017164,-0.747743960838506,0.101445036241346,-7.37092704131491,1.69445563467892e-13,6.44237866111494e-13,"Normal"
"ALG12","ALG12",6790.34113264628,-0.655806825360801,0.0891961282115607,-7.35241359137607,1.94659373910589e-13,7.39522985012943e-13,"Normal"
"YFR018C","YFR018C",410.809227611467,-0.851999722713116,0.115911950213881,-7.35040451947368,1.97607895856261e-13,7.50138098410603e-13,"Normal"
"PHA2","PHA2",1241.49638260728,-0.65740240361931,0.0894651537152347,-7.34813920637531,2.00985125100955e-13,7.623627813158e-13,"Normal"
"PSO2","PSO2",2785.40441239707,0.945300403860414,0.12871970369575,7.34386715257506,2.07509096998958e-13,7.86495087611497e-13,"Normal"
"PTC7","PTC7",2103.37025205502,-0.631326758316867,0.0859920449838827,-7.34168792514698,2.10916735960234e-13,7.98787544840825e-13,"Normal"
"SMA2","SMA2",534.153651605405,0.967277500063349,0.131878096234562,7.33463348108183,2.22329083359885e-13,8.41352816234954e-13,"Normal"
"BUG1","BUG1",1330.92049659645,-0.681903086244587,0.0930277089363344,-7.33010727708303,2.29968572488629e-13,8.69585442585409e-13,"Normal"
"REV3","REV3",705.531961075328,0.753186061192886,0.102832076320715,7.32442724236973,2.39921186062023e-13,9.065140303852e-13,"Normal"
"uapC","uapC",2181.27656217819,0.657528229561466,0.0897855612968715,7.32331813783935,2.41913366688923e-13,9.13331040203169e-13,"Normal"
"SBH1","SBH1",1173.05413122689,-0.754564837817512,0.103079641845976,-7.32021206423089,2.47579394086883e-13,9.33997108593297e-13,"Normal"
"RRG9","RRG9",572.560109635402,0.820187153709456,0.112074348725014,7.31824153376856,2.51241361611251e-13,9.47076629999279e-13,"Normal"
"LSG1","LSG1",1060.89039857457,-0.70679100125456,0.0966001826918109,-7.31666319420405,2.54212823510447e-13,9.57534968556016e-13,"Normal"
"FIM1_3338","FIM1_3338",41.0793989099777,2.59323618560332,0.354517914818724,7.31482409550254,2.57718769010885e-13,9.69988767330667e-13,"Up"
"RRP42","RRP42",432.763512616842,-1.06859194607582,0.146193667331918,-7.30942704686165,2.68283862628601e-13,1.00897158553589e-12,"Down"
"YMR265C","YMR265C",1346.48572184657,0.739373426189627,0.101165054064304,7.30858529190976,2.69969560054466e-13,1.01452598012734e-12,"Normal"
"YMR262W","YMR262W",2086.97155428367,0.792304317329508,0.108452323673174,7.30555409506163,2.76126461319603e-13,1.0368612639505e-12,"Normal"
"RPA190","RPA190",3468.73626817181,-0.764557440011875,0.10469868700058,-7.30245490096394,2.82564036659491e-13,1.06021517693318e-12,"Normal"
"HRD3","HRD3",1631.06475173326,-0.718241346942143,0.0984254702225867,-7.29731181692969,2.9357390255646e-13,1.10067561151377e-12,"Normal"
"PEX22","PEX22",1777.88348046523,-0.668602417968969,0.091683357171031,-7.29251675112335,3.04217728638035e-13,1.13970234653216e-12,"Normal"
"SSZ1","SSZ1",4821.56697057126,-0.589953712657557,0.0809399920967879,-7.28877897531904,3.12776680357159e-13,1.17086432192253e-12,"Normal"
"NSE4","NSE4",596.235431066698,0.755149861308635,0.103633538670051,7.28673237447661,3.1756283720297e-13,1.18786591683544e-12,"Normal"
"YBL039W-B","YBL039W-B",1229.42430494513,-0.831050750592708,0.114063842204181,-7.28583865433078,3.19675376346093e-13,1.19484819512743e-12,"Normal"
"IRC5","IRC5",656.666074821498,-0.775761548734304,0.106517116030671,-7.28297552208351,3.2653649467005e-13,1.21955482521274e-12,"Normal"
"FIM1_3485","FIM1_3485",975.472101673842,-0.673773569783963,0.0925243770877622,-7.28211949100579,3.28615799583802e-13,1.22637801088917e-12,"Normal"
"SMI1","SMI1",6977.07679357839,-0.520911949695868,0.0715744676603211,-7.27790183739846,3.3905188575757e-13,1.26435388556871e-12,"Normal"
"SMK1","SMK1",1035.89649706846,0.741060841319364,0.101838874803977,7.27679722253203,3.41838482515806e-13,1.27376778109225e-12,"Normal"
"CDC14","CDC14",373.962130558422,0.910063495376169,0.125103592087887,7.27447933498854,3.47759104077581e-13,1.2948363882858e-12,"Normal"
"VMA6","VMA6",3091.34021813807,-0.570918974727933,0.0785231221717543,-7.27071159344831,3.5759869191789e-13,1.33045332620906e-12,"Normal"
"NBP1","NBP1",456.721419714161,0.932401150538223,0.12830031001156,7.26733357428532,3.6665262482954e-13,1.36309495336399e-12,"Normal"
"FIM1_397","FIM1_397",230.9274421869,-1.09136027183587,0.150201835472945,-7.2659582913849,3.70402871981504e-13,1.37598436923404e-12,"Down"
"PRE4","PRE4",3565.24700024391,-0.576651933867722,0.0793840963192709,-7.26407379569472,3.75602923929903e-13,1.39423575811719e-12,"Normal"
"SYF2","SYF2",189.623273980596,1.1487518848875,0.1582049597831,7.26116226989624,3.83778203939679e-13,1.42349488010908e-12,"Up"
"PHO91","PHO91",3648.80518437956,-0.592249610162325,0.0816069283004223,-7.25734471933629,3.94762751390659e-13,1.46312144089032e-12,"Normal"
"TIM54","TIM54",3794.23172410502,0.645340016670233,0.0889397336385372,7.25592477365605,3.98926762416497e-13,1.47742769708976e-12,"Normal"
"ERG28","ERG28",1054.0174967349,0.728386749998146,0.100392904583908,7.25536085460468,4.0059240262766e-13,1.48246647705087e-12,"Normal"
"YMR122W-A","YMR122W-A",7587.97081684776,-0.649899772126465,0.0896309219996807,-7.25084332088852,4.14184586414024e-13,1.53160038461624e-12,"Normal"
"SPS22","SPS22",190.228519079217,-1.70248326160647,0.234856876316119,-7.24902454767779,4.19783810645603e-13,1.55112512237794e-12,"Down"
"ARP2","ARP2",3694.14935867269,-0.553827389665463,0.0764433183373018,-7.24494176484766,4.32625051504844e-13,1.59735951767632e-12,"Normal"
"MRX8","MRX8",183.635594729178,1.15115298345003,0.158960099183162,7.24177318311568,4.42856044371782e-13,1.6338933330315e-12,"Up"
"NHX1","NHX1",5575.57108907944,-0.630644869838461,0.087177288485062,-7.23405006966376,4.68798807547329e-13,1.72829545210354e-12,"Normal"
"FOL1","FOL1",839.283685848315,0.762141933233495,0.105380093316117,7.23231408561425,4.74832439548282e-13,1.74921214841934e-12,"Normal"
"NAS6","NAS6",3315.84680791882,-0.534243385529328,0.0739972681161861,-7.2197717446878,5.20749077088689e-13,1.91690891331359e-12,"Normal"
"YPL225W","YPL225W",4004.94276787144,-0.587878418373584,0.0814898152465143,-7.21413365087646,5.42784258572715e-13,1.99650924481819e-12,"Normal"
"FIM1_2749","FIM1_2749",1865.43779389056,0.693677921661986,0.0962264040918534,7.20881059838662,5.64427036014421e-13,2.07454687442819e-12,"Normal"
"YJR142W","YJR142W",1161.5171497881,-0.660057120765666,0.0915655659523074,-7.2085735931503,5.65410116753155e-13,2.07658938571699e-12,"Normal"
"mug157","mug157",1889.37488449199,0.739114949155472,0.102593484984992,7.204306874492,5.83398443676247e-13,2.14103703763058e-12,"Normal"
"NDD1","NDD1",3665.70328691988,0.709258695431677,0.0985077046499211,7.2000327076167,6.01981177050384e-13,2.2075671994625e-12,"Normal"
"FIM1_1141","FIM1_1141",2882.2625692062,0.603645710112265,0.0838406387323807,7.19991783506208,6.02488542286175e-13,2.20776155879979e-12,"Normal"
"YLR001C","YLR001C",2378.4023120519,0.660482571073859,0.0918656928634212,7.18965427121758,6.49555890983325e-13,2.37844165357044e-12,"Normal"
"KGD1","KGD1",57331.514961871,0.735937358023512,0.102456329848426,7.18293695579628,6.82295683551626e-13,2.49644181203114e-12,"Normal"
"YLR352W","YLR352W",3957.94422818607,0.671400218784745,0.0935105755301165,7.17993889972916,6.97425803405696e-13,2.5498810976285e-12,"Normal"
"PHO4","PHO4",8938.42141430896,0.718582671721675,0.100133048395512,7.17627879342465,7.16344049358426e-13,2.61707950062601e-12,"Normal"
"YAR009C","YAR009C",246.895974436146,-1.14017708279425,0.158904988794193,-7.17521263143573,7.21948909836067e-13,2.63557457016788e-12,"Down"
"IMG2","IMG2",3137.39275656485,-0.649645161460859,0.0905504921267405,-7.17439680561395,7.26266793493724e-13,2.6493471092988e-12,"Normal"
"FIM1_1310","FIM1_1310",1520.27771340231,-0.700517662049898,0.0976482295397022,-7.17389004749009,7.28961641726615e-13,2.65718275855185e-12,"Normal"
"ALG11","ALG11",364.1103683563,0.965375968215807,0.134593522373209,7.17252919155316,7.36247093128641e-13,2.68172760533138e-12,"Normal"
"MRS6","MRS6",3909.21695157657,-0.562832840226847,0.0784937940842252,-7.17041196432571,7.47724165957929e-13,2.72149192688358e-12,"Normal"
"LEM3","LEM3",5970.25981278138,0.673648909532576,0.0939808078932575,7.16794124921441,7.6133959447832e-13,2.76897386943874e-12,"Normal"
"YIF1","YIF1",627.316106779829,0.78463146097017,0.109657356621552,7.15530161535885,8.3489148468259e-13,3.03420921770584e-12,"Normal"
"POS5","POS5",1028.83599033527,0.696053420077515,0.0973163473365718,7.15248197376533,8.5222725930776e-13,3.0948970500571e-12,"Normal"
"MIA40","MIA40",17286.85882419,0.829631257412012,0.116038771138861,7.14960395796688,8.70286191394742e-13,3.15811844957958e-12,"Normal"
"ARG1","ARG1",8668.67516740394,-0.832205546563611,0.116453342006059,-7.14625730981864,8.91758330917909e-13,3.23362218651502e-12,"Normal"
"PDC2","PDC2",869.627294164313,0.736799962531329,0.103121215045394,7.14498914900283,9.00029990168063e-13,3.26118249233901e-12,"Normal"
"GET1","GET1",4177.69920405839,-0.623317451237969,0.0872422880969845,-7.14467106301759,9.02116510600063e-13,3.26630709761975e-12,"Normal"
"YNL200C","YNL200C",8402.87465222467,-0.540911671511655,0.0757258682223116,-7.14302370127574,9.12998757918925e-13,3.30137141573839e-12,"Normal"
"FMP21","FMP21",4700.73393970298,0.758862908230815,0.106238690165632,7.1429994764403,9.13159741253839e-13,3.30137141573839e-12,"Normal"
"CCS1","CCS1",3447.36617795018,-0.6162426906032,0.0862943796849611,-7.1411683223513,9.25409447478717e-13,3.3431706359101e-12,"Normal"
"GFA1","GFA1",3970.30280754489,0.650305495355847,0.0910902076727732,7.13913725712388,9.39185170229431e-13,3.39041659891888e-12,"Normal"
"KES1","KES1",6806.24934651496,-0.553465720543827,0.0775499909904809,-7.13688955311115,9.54664906774487e-13,3.44373925910708e-12,"Normal"
"ENT2","ENT2",7746.79484539144,-0.655377119142231,0.091838944774607,-7.13615689673559,9.59764549743453e-13,3.45956672641205e-12,"Normal"
"RPB8","RPB8",948.134963685621,0.716907418268918,0.100475570899217,7.13514152597372,9.66876246807672e-13,3.48261800091807e-12,"Normal"
"SNG1","SNG1",6823.41515519643,0.565036879630358,0.079210930557259,7.13331955142114,9.79767316596691e-13,3.52643658618024e-12,"Normal"
"VMA5","VMA5",3531.41617513815,-0.728603555681028,0.102164105825432,-7.13169806356443,9.91381632191218e-13,3.56559833517182e-12,"Normal"
"FIM1_4876","FIM1_4876",101.683130385512,1.64401767027286,0.2307714984456,7.12400656643659,1.04834045887464e-12,3.76766737401765e-12,"Up"
"YSD83","YSD83",12432.4209202367,-0.578988867645121,0.081332037017175,-7.11882904792923,1.08847813260222e-12,3.9090282677858e-12,"Normal"
"FIM1_2501","FIM1_2501",4285.24706777517,0.914703195091553,0.12859706668936,7.11293980990341,1.13596829163664e-12,4.07656567877579e-12,"Normal"
"FRE8","FRE8",1556.02624699195,0.842546465957829,0.118471841518592,7.11178669258388,1.14550211652299e-12,4.10774522818096e-12,"Normal"
"KRE28","KRE28",328.407915434992,0.943239583885815,0.132805521818914,7.10241239194828,1.22597747739258e-12,4.39308596065673e-12,"Normal"
"FUR1","FUR1",351.90301606199,-0.976465578955279,0.137558493739133,-7.09854806063125,1.26074346168969e-12,4.5143349155123e-12,"Normal"
"DOS2","DOS2",1736.68581317472,-0.60775954214163,0.0856316738230301,-7.09736847369877,1.27154718866561e-12,4.54966700274387e-12,"Normal"
"AIM34","AIM34",7567.65601691299,0.67755029365399,0.0956054374286524,7.0869430847971,1.37106735337264e-12,4.90214589406746e-12,"Normal"
"ARP7","ARP7",1044.54731758464,-0.857534843372827,0.121200674139725,-7.07533064035787,1.49092845063699e-12,5.32678039826849e-12,"Normal"
"TIM21","TIM21",1973.75234222238,-0.594646221805561,0.0841117725214713,-7.06971454743467,1.55252725599007e-12,5.54278467072429e-12,"Normal"
"SEC31","SEC31",6493.0455333272,-0.642817115679618,0.091020693967704,-7.06231833288046,1.63747322887958e-12,5.84176389069448e-12,"Normal"
"IKS1","IKS1",6133.16394366147,0.655374294930592,0.0928220800980119,7.06054307594243,1.65853120811663e-12,5.9125481586491e-12,"Normal"
"AUR1","AUR1",4213.32724133492,0.56922747400136,0.0806250992592366,7.06017703210638,1.66290611750182e-12,5.92379825875465e-12,"Normal"
"BPH1","BPH1",3871.2925104121,-0.53169026552679,0.0753772899569885,-7.05371957296661,1.74197273812802e-12,6.20091247953411e-12,"Normal"
"CUP9","CUP9",10699.5602232544,-0.586048926997017,0.0831021237750011,-7.05215342731486,1.76169791255143e-12,6.26653745028359e-12,"Normal"
"VFA1","VFA1",920.03850345943,-0.864272282402403,0.122691324384233,-7.04428195506115,1.86420318481866e-12,6.62630817486017e-12,"Normal"
"RPS25B","RPS25B",11039.7789085579,-0.62424402117167,0.0886624740364022,-7.04067902408603,1.91305238468515e-12,6.79497188390726e-12,"Normal"
"STP3","STP3",40459.1837189197,-0.501582345513501,0.0712590839684903,-7.03885480390533,1.93826211369994e-12,6.87948547148867e-12,"Normal"
"GIP2","GIP2",27563.928440214,-0.575071722769401,0.0817138093537107,-7.03763203940371,1.95534217600181e-12,6.93504206802393e-12,"Normal"
"WRS1","WRS1",3670.2594600175,-0.565612414896902,0.0803987759743052,-7.03508738836605,1.99136156452678e-12,7.05764102263722e-12,"Normal"
"YPL034W","YPL034W",176.512246420076,1.17552971429216,0.167127524049553,7.03372901009186,2.01085495926609e-12,7.12153370777982e-12,"Up"
"TRA1","TRA1",4845.01486822756,-0.989784972623458,0.140783813876014,-7.03053103459142,2.05748952580266e-12,7.2813850006374e-12,"Normal"
"SAP1","SAP1",2147.50577034324,0.59477719741003,0.0846161611121104,7.02912055561103,2.07839346817084e-12,7.35001008867695e-12,"Normal"
"PSH1","PSH1",1155.14056380114,0.609834716305829,0.0868152861966362,7.02450850561682,2.14821090967161e-12,7.59138677097772e-12,"Normal"
"OPI1","OPI1",4896.07913420347,0.553165778053807,0.0788167208968633,7.01838102066768,2.24453769490231e-12,7.92602373512378e-12,"Normal"
"YPT31","YPT31",1103.74902146756,-0.627679167411339,0.0894665120588528,-7.01580013534494,2.28636693212509e-12,8.06786995148569e-12,"Normal"
"SPC29","SPC29",401.856254563351,0.857573470237618,0.122308274720672,7.01157360118232,2.3565246766688e-12,8.30940014799251e-12,"Normal"
"SWT21","SWT21",139.727025993787,1.34072122304052,0.191246582171325,7.01043233201133,2.3758282848117e-12,8.3713920492386e-12,"Up"
"VPS36","VPS36",1098.57987696975,-0.620902631116517,0.0885724073548113,-7.01011352925353,2.38124822079763e-12,8.38440949627222e-12,"Normal"
"FIM1_3000","FIM1_3000",3397.13062891806,-0.600604960892854,0.0856859550763022,-7.00937464439794,2.39385659983115e-12,8.42270037551019e-12,"Normal"
"YML6","YML6",3796.76973839995,-0.570745832876436,0.0814273269643959,-7.00926647298633,2.39570792978364e-12,8.42311492823349e-12,"Normal"
"YGL159W","YGL159W",444.650078442017,-0.784783880924203,0.112059130982101,-7.00330150739397,2.50000013927428e-12,8.78344228252619e-12,"Normal"
"CHS5","CHS5",2342.65492307641,0.637466995681027,0.0910425701135264,7.00185632815651,2.52593042315131e-12,8.86813289457532e-12,"Normal"
"YPL107W","YPL107W",1283.70604728879,0.649152321634297,0.0927506111659175,6.99890074549543,2.57978531362658e-12,9.05066919777009e-12,"Normal"
"GUP1","GUP1",1816.8591659168,-0.603921854700296,0.0863021483430102,-6.99776154238933,2.6008425010193e-12,9.1179608314955e-12,"Normal"
"engD","engD",7824.05918693335,-0.528407939651023,0.0755142550395225,-6.99745947800804,2.6064541152409e-12,9.13104581539693e-12,"Normal"
"FIM1_4288","FIM1_4288",2035.16395931078,-0.653709211331262,0.0934680147233814,-6.99393491202219,2.67281595965734e-12,9.35678151871399e-12,"Normal"
"SNX3","SNX3",774.838003121665,0.690032627728261,0.0987436305174607,6.98812292106521,2.78588263340668e-12,9.74557502931825e-12,"Normal"
"HRT1","HRT1",2218.87811451219,-0.613716715158099,0.0878610957410469,-6.98507923196072,2.84695266219903e-12,9.95204531339935e-12,"Normal"
"MPS1","MPS1",852.306158228519,0.69793841339749,0.100011057591736,6.97861246749942,2.98109522326765e-12,1.04134735369213e-11,"Normal"
"THI20","THI20",689.971719844822,-0.868349069506202,0.124512558342339,-6.97398785364871,3.08080693624987e-12,1.07540523730159e-11,"Normal"
"CBF5","CBF5",1949.48904372776,-0.666928398745095,0.095732104418714,-6.96661170037668,3.24665140442853e-12,1.13248235277231e-11,"Normal"
"VAC17","VAC17",390.27888072608,0.861353385124639,0.123670796001204,6.96488914906195,3.2866243419457e-12,1.14560313325066e-11,"Normal"
"URB1","URB1",1150.00733465266,0.674251402265994,0.0968521342920909,6.96165765673843,3.36291925254554e-12,1.17135660559991e-11,"Normal"
"PRP6","PRP6",1008.31116079917,0.741350383860098,0.106621735297647,6.95308870926302,3.57373803179197e-12,1.24389635361584e-11,"Normal"
"YKL151C","YKL151C",7362.60735301071,0.702032277919752,0.101014107832875,6.94984386815794,3.6569070686538e-12,1.27193353232561e-11,"Normal"
"FIM1_3966","FIM1_3966",6999.38729874487,-0.80375699835168,0.115657358739693,-6.94946700417632,3.66668867534936e-12,1.27442348165397e-11,"Normal"
"YMC1","YMC1",1834.21601223178,0.699739742154139,0.100701356496468,6.94866252550113,3.68765504409624e-12,1.28079455748846e-11,"Normal"
"RTC3","RTC3",18724.3623054898,0.702781744796324,0.101148084144569,6.94804801039879,3.70374971582559e-12,1.28546570494261e-11,"Normal"
"PFS1","PFS1",196.254529541615,1.31571710279573,0.189416296209301,6.94616634960432,3.75346152125623e-12,1.30178940269693e-11,"Up"
"UTH1","UTH1",9931.06556995704,0.615782833356806,0.0886560784164112,6.9457486091875,3.76458627177213e-12,1.30471645467481e-11,"Normal"
"SER1","SER1",1658.90545867084,-0.588813044235937,0.0847901621696306,-6.94435567958889,3.80191518171072e-12,1.31671460213346e-11,"Normal"
"FIM1_1118","FIM1_1118",115.714893213238,1.42101293398557,0.204658144930941,6.94334903927263,3.8291176394849e-12,1.32519106910663e-11,"Up"
"APL3","APL3",2611.68342465267,-0.66362190968494,0.0956492726702961,-6.93807585942081,3.97476281130139e-12,1.37461725979455e-11,"Normal"
"FIM1_3252","FIM1_3252",232.008789247042,1.20975434165718,0.17437482227581,6.93766637791148,3.98629726732781e-12,1.3776257768098e-11,"Up"
"MID1","MID1",1807.40213064851,-0.616775326582149,0.0889082943729951,-6.93720795041467,3.99924939199362e-12,1.38111960168422e-11,"Normal"
"YPQ2","YPQ2",4400.83775174088,-0.522716391334162,0.0754499963774466,-6.92798431320285,4.26879064928428e-12,1.47315722761877e-11,"Normal"
"POT1","POT1",518.512108441517,-0.948463732211683,0.137095358573615,-6.9182774827668,4.57168167508882e-12,1.57656502904589e-11,"Normal"
"cal1","cal1",4840.41023125486,-0.530849500232182,0.0767525097517583,-6.91637969818989,4.63331523791026e-12,1.59668643553234e-11,"Normal"
"RSR1","RSR1",1210.036202556,0.784350481606338,0.113447393276267,6.91378143609071,4.71902066120392e-12,1.62506884427993e-11,"Normal"
"RGD2","RGD2",1409.40966271651,-0.606465250315898,0.0877259065563977,-6.91318305073326,4.73897789700429e-12,1.63078566583172e-11,"Normal"
"ICL2","ICL2",25789.5216241208,-2.45632502722953,0.355363246002775,-6.91215271939054,4.77353536338791e-12,1.64151509771421e-11,"Down"
"FIP1","FIP1",2248.20628314811,-0.605502487248879,0.0876520272300684,-6.90802604781246,4.91443762338844e-12,1.68877315502436e-11,"Normal"
"YFR016C","YFR016C",7577.16879989594,-0.47509839848903,0.0688551979579927,-6.89996416507115,5.20156588996276e-12,1.78617729041195e-11,"Normal"
"HCH1","HCH1",1062.94538875333,0.83658196549296,0.121251754982511,6.89954521164357,5.21692835513447e-12,1.79018749135582e-11,"Normal"
"FIM1_3877","FIM1_3877",1406.81332383646,-0.617338267842324,0.089487866107665,-6.89856954572578,5.25287731697125e-12,1.8012512973298e-11,"Normal"
"PRT1","PRT1",4574.2893287415,-0.544392373994641,0.0789166680869044,-6.89831929289193,5.26213708173604e-12,1.80315402539883e-11,"Normal"
"THI80","THI80",1213.52737520661,-0.595495187488396,0.0863484190867819,-6.89642258406505,5.33284050567202e-12,1.82609387012405e-11,"Normal"
"NCS2","NCS2",316.10045499463,1.04116959681711,0.150996747459431,6.89531141786251,5.37469300044597e-12,1.83912910487091e-11,"Up"
"FIM1_2843","FIM1_2843",316.221063145,-0.890986720988513,0.129225954737096,-6.89479696862121,5.39417879523423e-12,1.84449787234646e-11,"Normal"
"SUB2","SUB2",6405.03044460824,-0.536487623824958,0.0778421853978457,-6.89199077701903,5.50169415792846e-12,1.87993895312056e-11,"Normal"
"YBR220C","YBR220C",1251.34299555809,0.59450884601265,0.086309760004929,6.88808364174224,5.65489616976785e-12,1.93093046302895e-11,"Normal"
"FIM1_3864","FIM1_3864",3237.79303298461,2.05835641743843,0.299022701806471,6.88361253176894,5.8353460705628e-12,1.99114793236409e-11,"Up"
"DIA2","DIA2",296.591154961986,-1.04644225308246,0.152067812743815,-6.88141845536622,5.92594935724109e-12,2.0206447667954e-11,"Down"
"PET122","PET122",1018.3519986466,0.645895474201835,0.0938726999049073,6.88054647257536,5.96233905865401e-12,2.03162731318372e-11,"Normal"
"DOA4","DOA4",1579.67169321923,0.606585978916549,0.0882345834651804,6.87469646361422,6.21219898086165e-12,2.11528204961505e-11,"Normal"
"CHS3","CHS3",2712.74792913985,0.606524977926861,0.0882339899303886,6.8740513537399,6.24037264422615e-12,2.1233873024016e-11,"Normal"
"ATG2","ATG2",5364.60302223084,0.527258719103689,0.0767056657278996,6.87379105702636,6.25177591737194e-12,2.12577880913298e-11,"Normal"
"YDR286C","YDR286C",440.262869330231,-0.802718308576341,0.116782279121066,-6.87363112466897,6.25879247978169e-12,2.12667640973841e-11,"Normal"
"SGM1","SGM1",1012.15145591655,-0.712870320336306,0.103724997903599,-6.87269544221966,6.29999772527427e-12,2.13918161754771e-11,"Normal"
"SNU114","SNU114",811.755850831429,0.697781858536149,0.101585514437576,6.86891100960006,6.46938452005282e-12,2.19516336473021e-11,"Normal"
"MGM1","MGM1",3272.32926419465,0.681834718632259,0.0993281722844989,6.8644645617693,6.67411057046764e-12,2.26304977403366e-11,"Normal"
"YIL001W","YIL001W",848.570100615992,0.647748291125185,0.0943812920619519,6.86310048287963,6.7381793685582e-12,2.28318086135455e-11,"Normal"
"MMT1","MMT1",4897.59200462968,-0.655320837424217,0.0954956450484278,-6.86231122991934,6.77552428226892e-12,2.29423501655364e-11,"Normal"
"OSW2","OSW2",143.461911819785,-1.45237122722963,0.211803089561703,-6.85717677789831,7.02346993408054e-12,2.37653484747196e-11,"Down"
"NMD3","NMD3",1431.77103466809,-0.622948840176251,0.0909626759817812,-6.84840054948494,7.46802226292146e-12,2.52519973385772e-11,"Normal"
"PUS5","PUS5",432.749760914634,0.909150784811188,0.132978391224757,6.83683098011436,8.09641690265197e-12,2.73577814533977e-11,"Normal"
"TRM8","TRM8",234.569518035337,0.990019102201731,0.145024263685973,6.82657561596355,8.69654661702543e-12,2.93651980626314e-11,"Normal"
"YDR089W","YDR089W",1064.98026364636,0.81677293358781,0.119744217061929,6.82098019953141,9.04214055740394e-12,3.05109451169623e-11,"Normal"
"TDP1","TDP1",1314.37168730946,-0.853591098087883,0.125271180954285,-6.81394628505483,9.49571724599188e-12,3.20192158905444e-11,"Normal"
"YPD1","YPD1",2059.62925444827,0.735124645317248,0.107888247302205,6.81376019816221,9.5080146757768e-12,3.2038448897087e-11,"Normal"
"MLC1","MLC1",1862.86933450414,-0.728623098055492,0.106968887310713,-6.81154227526977,9.65579128827921e-12,3.25138529935888e-11,"Normal"
"BUD23","BUD23",648.13727722746,0.752954244775632,0.110575224585735,6.80942993872758,9.79862375678872e-12,3.29719617965626e-11,"Normal"
"PPA2","PPA2",1692.60443753924,-0.586517545439173,0.086134596458538,-6.80931437023103,9.8064977343153e-12,3.29756211010644e-11,"Normal"
"APE2","APE2",13949.0251576375,-0.524267080164525,0.0770136146617637,-6.80745972601149,9.93371063258146e-12,3.3380290431337e-11,"Normal"
"PTC5","PTC5",4186.91222363175,-0.495064928216158,0.07274380162377,-6.8055960393248,1.00631719371644e-11,3.37919505478104e-11,"Normal"
"FIM1_3443","FIM1_3443",204.490265626641,-1.26414213123281,0.18592068451535,-6.79936250518939,1.05083099548488e-11,3.5262346733847e-11,"Down"
"FIM1_2007","FIM1_2007",334.156243073319,0.84644180322042,0.124552737187746,6.79585067604356,1.07675261229718e-11,3.61072528857969e-11,"Normal"
"ALG13","ALG13",585.81118012339,-0.888725835517309,0.130859114694799,-6.79147064069686,1.10996174727872e-11,3.719520089674e-11,"Normal"
"EAF3","EAF3",1003.72762397282,-0.823133208261188,0.121225330911054,-6.79010898196798,1.1204886972721e-11,3.75220853207795e-11,"Normal"
"UGP1","UGP1",21408.224122267,-0.663863485189751,0.0977939777931931,-6.78838820314311,1.13393197254935e-11,3.79461119464002e-11,"Normal"
"AKR1","AKR1",1314.88691146685,-0.63883663405171,0.0941364714913154,-6.78628191530045,1.15060215230518e-11,3.84774663320775e-11,"Normal"
"YGR127W","YGR127W",1724.9158655027,0.606447634808379,0.0893924816598028,6.78410111843982,1.16811495117035e-11,3.90362486089182e-11,"Normal"
"YML018C","YML018C",1557.75990449801,0.580783313910756,0.0856109608247292,6.78398312921391,1.1690698679948e-11,3.90413091999089e-11,"Normal"
"FIM1_4772","FIM1_4772",996.056208576599,-0.656749568104329,0.0968131811906482,-6.7836792472611,1.17153278416317e-11,3.90966881747861e-11,"Normal"
"SUR4","SUR4",1117.84144782251,-0.783000787238846,0.115440214772457,-6.7827384831379,1.17918979929843e-11,3.93252109457178e-11,"Normal"
"SIR4","SIR4",1228.03155867697,0.809659155879146,0.119435126507522,6.77907060975191,1.20951407850195e-11,4.03088402430796e-11,"Normal"
"LAT1","LAT1",8054.53949640889,-0.571877294156919,0.0843742460753473,-6.77786553074768,1.21964282763092e-11,4.06185366652409e-11,"Normal"
"RPT6","RPT6",6389.60785102815,-0.66501567931948,0.0982066595470418,-6.77159453734329,1.2737068799653e-11,4.23900118476123e-11,"Normal"
"FIM1_825","FIM1_825",453.067719803188,-0.797347366602657,0.11776791168103,-6.77049762725048,1.28340189282343e-11,4.26834346148463e-11,"Normal"
"GPI17","GPI17",1267.86543934717,-0.653110057973631,0.0964745495112263,-6.76976530372533,1.28991471420149e-11,4.28706949131672e-11,"Normal"
"LCB1","LCB1",4587.7632047403,-0.487683129000145,0.072048418078371,-6.76882493755332,1.29832522468550e-11,4.31207263619061e-11,"Normal"
"RPB5","RPB5",690.172417844815,-0.739383418124786,0.109295452359965,-6.76499709877792,1.33311870449256e-11,4.42460641060746e-11,"Normal"
"LAP4","LAP4",5736.73392102523,-0.606706011783806,0.0897007097571734,-6.76367013623644,1.34539212311764e-11,4.46229373804e-11,"Normal"
"TRS85","TRS85",948.799267385492,0.737300869110153,0.109189560151988,6.75248501856637,1.4533407423057e-11,4.81704138258078e-11,"Normal"
"CDC123","CDC123",1723.61265574681,0.678320769764764,0.100496189690606,6.74971630121588,1.48134518068661e-11,4.9065141328945e-11,"Normal"
"RCH1","RCH1",13443.5304977021,0.480795722100104,0.0713507828662143,6.7384785812598,1.60053645478623e-11,5.29768844264733e-11,"Normal"
"yciC","yciC",373.611055435726,-0.86244704395805,0.128001546656892,-6.73778611652123,1.60818055258588e-11,5.31936644316867e-11,"Normal"
"AYR1","AYR1",6853.59054134238,-0.489256356803303,0.0726397322927095,-6.73538215740928,1.63499630383354e-11,5.40438574171917e-11,"Normal"
"NOB1","NOB1",1750.43099555818,0.706869213337524,0.10496447562012,6.73436616685228,1.64646069307245e-11,5.43858090254183e-11,"Normal"
"ADR1","ADR1",18022.2665101605,0.759778007231963,0.113168835351007,6.71366816558127,1.89791654783882e-11,6.26492969154132e-11,"Normal"
"KSP1","KSP1",9596.84091686937,0.572116940553059,0.0852211029067034,6.7133247639307,1.90239050358501e-11,6.27543479763717e-11,"Normal"
"EPS1","EPS1",1489.66835496466,0.5618702652278,0.0837138832888425,6.71179311189219,1.92247146446094e-11,6.33737370815176e-11,"Normal"
"DCD1","DCD1",473.515436134911,-0.883274188441627,0.131639335907233,-6.70980434802616,1.94885540212183e-11,6.41999213485423e-11,"Normal"
"RDL2","RDL2",4260.90322286069,0.622685654346252,0.0929726411166244,6.69751495566484,2.11993540033369e-11,6.97883882806328e-11,"Normal"
"PET10","PET10",19920.0691089786,0.586207098012985,0.0875362373523665,6.69673629737225,2.13125705202522e-11,7.01135952321636e-11,"Normal"
"GEP4","GEP4",562.382965035897,-0.785940586795035,0.117371344718133,-6.69618797230676,2.13926516920835e-11,7.03294279917683e-11,"Normal"
"TPK1","TPK1",2593.32670801244,0.60211961586328,0.0899216052412264,6.69605056813672,2.14127652599838e-11,7.03479556445311e-11,"Normal"
"PGK1","PGK1",131689.827917918,-0.629627611791895,0.094039063446896,-6.69538369177237,2.1510647587961e-11,7.06217815066907e-11,"Normal"
"NUP188","NUP188",2327.06660223118,0.714079180365763,0.106724251861424,6.69088016932608,2.21832262753968e-11,7.27807538637089e-11,"Normal"
"FIM1_3785","FIM1_3785",847.781740919472,0.662027627549457,0.0989481076396414,6.69065476179183,2.22174253971862e-11,7.28437719331497e-11,"Normal"
"YLR407W","YLR407W",4035.8250496061,-0.530136550024616,0.0794272855628105,-6.67448907850928,2.48094952947165e-11,8.1287483234678e-11,"Normal"
"HIS2","HIS2",252.668799309069,-1.08037817186381,0.161902646126703,-6.67301120587194,2.50607248017092e-11,8.20552977166475e-11,"Down"
"CDC23","CDC23",249.527340976148,1.00370187266697,0.150482082508249,6.6699095064155,2.55961203064822e-11,8.37518845583819e-11,"Up"
"SPT5","SPT5",8021.63905730397,-0.564328222388437,0.0846668694449997,-6.66527800174576,2.64164835049979e-11,8.63779901418471e-11,"Normal"
"SET6","SET6",2353.17224604693,0.618612399370745,0.0928797187170102,6.66036038777808,2.73156939749096e-11,8.92582091621289e-11,"Normal"
"RPN8","RPN8",3456.47204365397,-0.554417395042192,0.0833143198241199,-6.65452705144315,2.84212479815222e-11,9.28083628643926e-11,"Normal"
"SRP1","SRP1",5034.31245307458,0.515091640625362,0.0774285315585172,6.6524784889673,2.88197952425721e-11,9.40465984443638e-11,"Normal"
"MDM12","MDM12",374.639603329672,0.818851215911776,0.123111821981801,6.65128013484214,2.90554651701096e-11,9.4752016954069e-11,"Normal"
"MEK1","MEK1",553.379178606016,-1.09604531389253,0.164811338611976,-6.65030284398702,2.92490559979695e-11,9.5319358212028e-11,"Down"
"LIG4","LIG4",517.582105092316,0.792423765993657,0.119172469200394,6.64938614858401,2.94317906908908e-11,9.58505837580686e-11,"Normal"
"PCK1","PCK1",144125.98831997,-0.695777764328965,0.104640016457243,-6.64925128918791,2.94587677685477e-11,9.58741812373566e-11,"Normal"
"CDC9","CDC9",1536.72172563472,-0.668807166332096,0.100593376054537,-6.64862034225298,2.95853033091949e-11,9.6221545367723e-11,"Normal"
"IFA38","IFA38",2859.47174926896,-0.522606464854068,0.07862049165304,-6.64720423220427,2.98712422211463e-11,9.70865324097323e-11,"Normal"
"UGA3","UGA3",2122.57590041403,0.55383792289822,0.0833404400346183,6.64548834477194,3.02213377183966e-11,9.81587432979205e-11,"Normal"
"VAC8","VAC8",6448.70285736766,0.692300548370896,0.104193977192858,6.64434324346295,3.04572057069969e-11,9.88587592052757e-11,"Normal"
"RPA14","RPA14",985.851229074684,-0.796092931290909,0.120072927260572,-6.63007848191538,3.35508436454997e-11,1.08827469474955e-10,"Normal"
"SLT2","SLT2",9841.53490587589,-0.55688702177633,0.0840386225583509,-6.62656056017177,3.43598546080382e-11,1.11377273876223e-10,"Normal"
"PRO1","PRO1",699.904628543528,0.662168465854364,0.0999601423320167,6.62432495999233,3.48838602971864e-11,1.13000451456019e-10,"Normal"
"RRP6","RRP6",1286.28371102898,0.582864732957112,0.0880376335871947,6.62063153230747,3.57667497530775e-11,1.15783235876218e-10,"Normal"
"PPM1","PPM1",1243.39372506276,-0.607409999533746,0.0917704062237837,-6.61880037942261,3.62125459267879e-11,1.17148309359695e-10,"Normal"
"YPT6","YPT6",2060.6879321583,-0.54389997030396,0.0821767035627566,-6.61866376628987,3.62460216492714e-11,1.17178588951304e-10,"Normal"
"MCM1","MCM1",2680.64143037889,-0.684892470245617,0.103521745663855,-6.61592852645208,3.69226743077976e-11,1.19286751636695e-10,"Normal"
"RCY1","RCY1",1024.39335925006,0.629362741240031,0.0952890350680843,6.60477609821895,3.98118584238086e-11,1.28535428625439e-10,"Normal"
"YGL108C","YGL108C",1023.77495516332,-0.719815263705025,0.109069527960448,-6.5996000639707,4.12268413586425e-11,1.33015419762048e-10,"Normal"
"PEX10","PEX10",916.31251519178,-0.615915209649303,0.0933325397733495,-6.59914764073712,4.13528342294989e-11,1.33333391852113e-10,"Normal"
"SNL1","SNL1",1040.74339876898,-0.634524054566753,0.0962052582382748,-6.59552363546705,4.23757517272553e-11,1.36540966606587e-10,"Normal"
"RIT1","RIT1",702.237165533368,0.691439240280345,0.104836569115254,6.59540126232284,4.24107216027034e-11,1.36563085664371e-10,"Normal"
"PIR3","PIR3",4280.08921611364,-0.859084050705517,0.130321963816097,-6.59201277781395,4.33903239539018e-11,1.39624890127158e-10,"Normal"
"BBP1","BBP1",614.285907734758,1.04632485844673,0.158731165522891,6.59180479775311,4.34511663007874e-11,1.39728138355742e-10,"Up"
"QRI1","QRI1",537.915272558077,-0.842521553869587,0.127885416840197,-6.58809717860469,4.45499037021491e-11,1.43166654820597e-10,"Normal"
"YKU80","YKU80",5097.60870621528,0.703690248860947,0.106824100568449,6.58737349639606,4.47675125833947e-11,1.43770881455859e-10,"Normal"
"SAS10","SAS10",802.119272855396,-0.76856979090951,0.116753834459767,-6.58282269242606,4.61599510426424e-11,1.481447834321e-10,"Normal"
"AZF1","AZF1",10580.4540554647,0.639824388553801,0.097218728170189,6.58128737740467,4.66392120092176e-11,1.49584112972138e-10,"Normal"
"FIM1_860","FIM1_860",3262.06429761626,0.667175428985464,0.101381807885755,6.58082000014527,4.67860717239607e-11,1.49956149410769e-10,"Normal"
"IRC8","IRC8",207.350048940958,-1.22498168193126,0.186166225764223,-6.58004252330214,4.70313740943502e-11,1.50643010365489e-10,"Down"
"RUD3","RUD3",634.809157863399,0.77425708939512,0.117683694801874,6.57913647849535,4.73188289117846e-11,1.51463893071384e-10,"Normal"
"SPT6","SPT6",6182.30541512233,-0.590328015356457,0.0897312792052937,-6.57884319252668,4.74122455195989e-11,1.51663002619968e-10,"Normal"
"TAP42","TAP42",2614.98391455026,-0.508936384322013,0.0774250852998196,-6.57327508715317,4.92204005379691e-11,1.57343372509205e-10,"Normal"
"PDC1","PDC1",88464.7831089611,-0.518591321281617,0.0789127479515411,-6.5717052661767,4.97422515450629e-11,1.58907035014767e-10,"Normal"
"YBL029C-A","YBL029C-A",5884.02154375808,-0.702658319031766,0.106970698797264,-6.56869897020561,5.0756777205019e-11,1.62041511458073e-10,"Normal"
"TSC10","TSC10",1148.71968353578,-0.716290207801218,0.109181448314041,-6.56054869084479,5.36101455601966e-11,1.71038540562702e-10,"Normal"
"RPL31A","RPL31A",200.21679172076,-1.2296182091365,0.187583868614257,-6.55503172111807,5.56300502122441e-11,1.77366413373552e-10,"Down"
"FIM1_402","FIM1_402",413.955838204517,-0.893700946935141,0.136363543127596,-6.55381142523484,5.60867858013953e-11,1.78705371940314e-10,"Normal"
"COP1","COP1",7376.07970738676,-0.513439434123252,0.0784775423474127,-6.54250144392015,6.04982513982851e-11,1.92634995769507e-10,"Normal"
"FIM1_1443","FIM1_1443",388.659338325819,-0.843844270253823,0.129044195336457,-6.53918812894815,6.18536797439254e-11,1.9682189251849e-10,"Normal"
"NIP7","NIP7",200.9724782312,-1.07825829602581,0.164904545549298,-6.53868146832535,6.20635484606889e-11,1.97360459404769e-10,"Down"
"RPC17","RPC17",208.733306541105,1.00034759138388,0.152996510333321,6.53836868046535,6.21934588341044e-11,1.97644222678164e-10,"Up"
"FIM1_501","FIM1_501",1124.18018813844,0.612017152907679,0.0936241589576312,6.53695755157216,6.27828580469538e-11,1.99386867483757e-10,"Normal"
"SDS23","SDS23",5632.15542468848,0.495580531313257,0.0758640858974785,6.5324787803148,6.46899648313857e-11,2.05309300532791e-10,"Normal"
"COX20","COX20",2626.86185261537,0.597332756075941,0.0914727270129131,6.53017326127837,6.56936513551522e-11,2.08358650087914e-10,"Normal"
"VPS1","VPS1",8233.99928539993,-0.541064516315177,0.0829367565977564,-6.52382054122688,6.85387087448905e-11,2.17240434306212e-10,"Normal"
"MCD4","MCD4",1116.91015813351,-0.770282526119653,0.118123728533552,-6.52098046414835,6.98492830987693e-11,2.21250108589909e-10,"Normal"
"FAR3","FAR3",757.05952424945,-0.690662021429097,0.105951263619814,-6.51867658612744,7.09304008543096e-11,2.24528220033284e-10,"Normal"
"FIM1_685","FIM1_685",6089.50602669343,0.550323100371467,0.0844241772050468,6.51854857921634,7.09909468760948e-11,2.24573574785771e-10,"Normal"
"YNL234W","YNL234W",3789.84589045948,-0.556223461316553,0.0853582354215759,-6.51634207958283,7.20425791157351e-11,2.27752044192165e-10,"Normal"
"BNI1","BNI1",4665.0569075433,0.501950179677736,0.0770842481167798,6.51170883728799,7.43006358914249e-11,2.34737834718097e-10,"Normal"
"TRP1","TRP1",570.041607928911,0.713656343896219,0.109739292197423,6.5031979850238,7.86301980000676e-11,2.48254796674677e-10,"Normal"
"SAC1","SAC1",4485.27573159119,-0.518528262164031,0.0798094422079319,-6.49707914024861,8.189438747834e-11,2.58392745946269e-10,"Normal"
"GPR1","GPR1",3524.71754842808,0.601870432820086,0.0926482652136794,6.49629468433069,8.23223328289755e-11,2.59574442060994e-10,"Normal"
"PEA2","PEA2",438.82797152602,0.913779746317879,0.140692030689657,6.49489343382586,8.30922070089577e-11,2.61832058272714e-10,"Normal"
"ARI1","ARI1",249.286657646541,1.023247189707,0.157617754787756,6.49195384799688,8.47302180275184e-11,2.6682056344505e-10,"Up"
"RPO26","RPO26",572.943221351535,-0.663904040790053,0.102464087920835,-6.47938272092944,9.209862104269e-11,2.89836269201056e-10,"Normal"
"DBP7","DBP7",611.035295135448,0.738028280388042,0.113908263479044,6.47914609394266,9.22431566587306e-11,2.90103235083995e-10,"Normal"
"FIM1_2256","FIM1_2256",14272.2380891948,0.757089845794201,0.116950204137531,6.4736085873256,9.56895883276496e-11,3.00747548307923e-10,"Normal"
"UTP15","UTP15",648.340064460101,-0.881888432985667,0.136293217529179,-6.47052325106979,9.76641229158318e-11,3.06754992403378e-10,"Normal"
"RRB1","RRB1",782.221209450814,-0.693802882670823,0.107248452099985,-6.46911791345957,9.85766534145026e-11,3.09421162106633e-10,"Normal"
"SRP68","SRP68",1850.02082655635,-0.748735552417445,0.115753631524446,-6.46835475100683,9.90756860669103e-11,3.1078680348555e-10,"Normal"
"EMC4","EMC4",1032.2437366131,-0.587080063004398,0.0907693704037524,-6.46782125284113,9.9426006900066e-11,3.11684495178981e-10,"Normal"
"FIM1_2303","FIM1_2303",971.533761569376,0.648510201615219,0.100276358926871,6.46722925079638,9.98161617564267e-11,3.12705822033834e-10,"Normal"
"PRP22","PRP22",1193.83943658053,0.603302236375249,0.0932929013210374,6.46675393124692,1.00130500769504e-10,3.13488468581844e-10,"Normal"
"AIM41","AIM41",2096.53350194332,0.572798094404055,0.0885780605682408,6.46659105798291,1.00238434812771e-10,3.1362431085335e-10,"Normal"
"YLR326W","YLR326W",8188.2839888018,1.71324138002433,0.264941765523468,6.46648283874507,1.00310213213222e-10,3.13646927929889e-10,"Up"
"VAM7","VAM7",828.859106746767,0.669658470967425,0.1035674473255,6.46591654289565,1.00686639579061e-10,3.14621467340615e-10,"Normal"
"VPS70","VPS70",16719.4677874793,0.483087539362193,0.0748240503454045,6.45631367364041,1.0728412612622e-10,3.3502157380932e-10,"Normal"
"WBP1","WBP1",844.880766475492,-0.662257281932148,0.102588652988224,-6.45546327631545,1.07888341909219e-10,3.36692005996721e-10,"Normal"
"VPS17","VPS17",1362.58042966014,-0.632052502978143,0.0979133226662468,-6.45522474130099,1.0805841997726e-10,3.37006330339864e-10,"Normal"
"AIM37","AIM37",3120.11374713057,0.521257754452889,0.0807934861703507,6.45172994953866,1.10580500179269e-10,3.4465083410588e-10,"Normal"
"UBP8","UBP8",457.329286041408,0.921437872176669,0.142852510570366,6.45027426187785,1.11647917908489e-10,3.47754636613685e-10,"Normal"
"NUP133","NUP133",2265.48593736887,-0.71861821941416,0.111424411617242,-6.44937863241953,1.12309657438015e-10,3.49591688335243e-10,"Normal"
"RAD54","RAD54",1088.37014069618,0.639296107448339,0.0991415529351015,6.44831645785118,1.13099420222334e-10,3.51824636914417e-10,"Normal"
"NIP1","NIP1",7004.99798049841,-0.60427372321987,0.0939912991085067,-6.42903895308731,1.28413220433063e-10,3.99206550277832e-10,"Normal"
"UGA4","UGA4",1941.83482348881,-0.721991539202178,0.112415125355528,-6.42254800605152,1.34011966945881e-10,4.16345362781353e-10,"Normal"
"YBR138C","YBR138C",2601.5543925791,0.549214447662331,0.0855341290356497,6.42099772166295,1.35384054780974e-10,4.20339375195369e-10,"Normal"
"TMA20","TMA20",1406.57461225388,-0.685233866657751,0.106732186280628,-6.4201239620079,1.36163420451253e-10,4.22489182613436e-10,"Normal"
"HAP3","HAP3",1032.14864421127,0.727599865703672,0.11338383901204,6.41713909181018,1.3885904609998e-10,4.30578241863309e-10,"Normal"
"VIP1","VIP1",2410.25315222975,-0.567718580645524,0.0884977752329781,-6.41506048203987,1.40766964429671e-10,4.36215995002405e-10,"Normal"
"ASN1","ASN1",9483.77598731226,-0.450048992181973,0.0701588654133041,-6.41471308765822,1.41088320298954e-10,4.36933172933471e-10,"Normal"
"ORM1","ORM1",4982.59903261454,-0.464574119608401,0.0724347978441288,-6.41368697691557,1.42041712320664e-10,4.3960552876822e-10,"Normal"
"MIH1","MIH1",2186.30402681541,0.64406987903415,0.100521051043544,6.40731341691951,1.48106164068315e-10,4.58082655129179e-10,"Normal"
"NOP7","NOP7",744.281139352496,-0.740581439681368,0.115676676681179,-6.402167324728,1.531866487349e-10,4.73494863996741e-10,"Normal"
"RTC4","RTC4",789.797918048941,0.623334604185606,0.0974456054514062,6.39674412507445,1.58724976681165e-10,4.89990255205705e-10,"Normal"
"HIS4","HIS4",3195.86492233965,-0.60376081058324,0.0943843416531745,-6.39683235596244,1.58633326247517e-10,4.89990255205705e-10,"Normal"
"ARO4","ARO4",6024.89351471772,0.624969261528917,0.0977155404995419,6.39580212455405,1.59706717010932e-10,4.92707897114996e-10,"Normal"
"MDL1","MDL1",5117.17428837678,0.508051261119645,0.07945151846852,6.39448145123801,1.6109310228083e-10,4.96669659887406e-10,"Normal"
"FCP1","FCP1",632.89982554069,0.725501390610848,0.11352526374223,6.39066025213711,1.65171001526896e-10,5.08919401660867e-10,"Normal"
"NPL3","NPL3",7610.53645065798,-0.551388554751613,0.0862853343498292,-6.39029284531833,1.65568364113647e-10,5.09820457052097e-10,"Normal"
"RGP1","RGP1",1310.20893619962,-0.604505220605993,0.0946325411509443,-6.38792125049007,1.68155889665684e-10,5.17460080991487e-10,"Normal"
"RPL22A","RPL22A",89.7442137008963,-1.62574221526813,0.254722940135558,-6.38239419819411,1.74340476222224e-10,5.36152135420117e-10,"Down"
"FIM1_2686","FIM1_2686",635.411945046527,0.707230846658435,0.110814208065359,6.38213148842164,1.74639907517793e-10,5.3673327680516e-10,"Normal"
"MCM7","MCM7",826.75657018585,0.767201404661709,0.120305818786448,6.3770930816202,1.80480778595879e-10,5.54333819973058e-10,"Normal"
"ECM7","ECM7",707.03973779303,0.774245633937329,0.121418639459017,6.37666207912556,1.80989197047368e-10,5.55366576742075e-10,"Normal"
"GTF1","GTF1",437.591214436859,-0.830767439951356,0.130283469873399,-6.37661432228236,1.81045617937733e-10,5.55366576742075e-10,"Normal"
"GLG1","GLG1",6643.40912959087,-0.522488066847941,0.0819957837696861,-6.37213333206903,1.86416707842083e-10,5.71481882274245e-10,"Normal"
"VPS25","VPS25",505.399689895161,-0.783750129665837,0.122999562191423,-6.37197495423678,1.86609366699301e-10,5.71711798733861e-10,"Normal"
"DPH3","DPH3",483.998860304973,0.762376170152243,0.119676659201201,6.3702995658538,1.88659344840751e-10,5.77628075980599e-10,"Normal"
"PFA3","PFA3",348.530471221885,0.823042890831345,0.129257886022332,6.36744817789411,1.9219895489875e-10,5.88094913005683e-10,"Normal"
"SCD5","SCD5",1367.0759951625,0.58108327076798,0.0913013718998244,6.36445278615904,1.95987194819253e-10,5.99308860683921e-10,"Normal"
"COX14","COX14",5944.85663288453,0.500221115653857,0.0786425920280212,6.36068957996225,2.00849988274312e-10,6.13792511336403e-10,"Normal"
"MRPL16","MRPL16",3431.29219561824,-0.520846958091572,0.0819769253994775,-6.35358005381953,2.10360631813526e-10,6.4245274040347e-10,"Normal"
"BUD3","BUD3",1025.38246287856,-0.780995908223401,0.122978433625542,-6.350673733587,2.14373948696949e-10,6.54298377335726e-10,"Normal"
"ALD5","ALD5",27555.7085794185,-0.488130795215366,0.0768764774528843,-6.34954684954873,2.15950094565009e-10,6.58695235085612e-10,"Normal"
"CYS4","CYS4",6240.14680421118,-0.499077817647672,0.0786404180261211,-6.34632712000461,2.20516091332765e-10,6.72200556954771e-10,"Normal"
"FIM1_1416","FIM1_1416",732.043689540382,0.808734845134896,0.127438210129891,6.34609387804958,2.20850497750471e-10,6.72797848632941e-10,"Normal"
"CWC26","CWC26",144.03477362964,1.12759166706889,0.17784623088576,6.34026181748662,2.2937502753122e-10,6.98329109507643e-10,"Up"
"PLM2","PLM2",1330.19843338049,-0.604171972543441,0.0953072293304442,-6.33920403297726,2.3095521922553e-10,7.02699693310488e-10,"Normal"
"AIM17","AIM17",5182.01544457235,-0.561151194056157,0.0885282338674217,-6.33866925320714,2.31758152075217e-10,7.0470141485199e-10,"Normal"
"ARN1","ARN1",5193.11626689237,0.653727371508704,0.103169245005553,6.33645590285668,2.35110430115184e-10,7.14447517154272e-10,"Normal"
"OTU2","OTU2",858.018034631702,0.680486056089264,0.107402869459356,6.33582752038833,2.36070761330218e-10,7.16917393314707e-10,"Normal"
"GIP3","GIP3",6941.72616175074,0.486146033223317,0.0767473093522717,6.33437233599809,2.38309393427108e-10,7.23263799289391e-10,"Normal"
"ADE12","ADE12",4850.45451854467,-0.47958098849133,0.0758194838193705,-6.32530009876967,2.52740904466744e-10,7.66584303872601e-10,"Normal"
"FIM1_327","FIM1_327",701.718708131518,-0.690596820672941,0.109201039876141,-6.3240864872371,2.54735028562727e-10,7.72150657383836e-10,"Normal"
"CAX4","CAX4",292.180961484785,-0.983728715216427,0.155708407869167,-6.31776233973825,2.65377704186035e-10,8.03909142543607e-10,"Normal"
"TPN1","TPN1",1567.82233140246,0.527974705720435,0.0835838719179728,6.31670552709711,2.67198022613611e-10,8.08919122666378e-10,"Normal"
"FIM1_2343","FIM1_2343",3972.08309768055,-0.485692185183908,0.0769479602260121,-6.31195659712524,2.75529509622575e-10,8.33622594804541e-10,"Normal"
"URA6","URA6",2532.52673877305,-0.541602071741175,0.0858110867161897,-6.31156290483142,2.76231478298695e-10,8.35226355353678e-10,"Normal"
"YNL040W","YNL040W",1851.73978496513,-0.542367930317993,0.0859363101495378,-6.31127784488558,2.76740841100395e-10,8.35726380924066e-10,"Normal"
"BMT5","BMT5",312.104079345681,0.802504906323318,0.127153552195003,6.31130544503072,2.76691483369736e-10,8.35726380924066e-10,"Normal"
"MDH1","MDH1",74339.5714276254,0.512372663830947,0.0812367437212912,6.30715413198745,2.84212766612828e-10,8.57757660230888e-10,"Normal"
"RSN1","RSN1",27255.8025049876,0.498891709987331,0.0791078848371375,6.30647262298087,2.85466444992009e-10,8.61006490512832e-10,"Normal"
"DDI1","DDI1",1642.95330114815,-0.562741132747116,0.0892502477018109,-6.30520527659777,2.87812182607284e-10,8.67543049186596e-10,"Normal"
"IFM1","IFM1",4218.59839082584,0.577948154433038,0.0917384174325724,6.29995775606037,2.97726775622293e-10,8.96871917389164e-10,"Normal"
"YJR085C","YJR085C",8542.0791066665,-0.584535502001703,0.0928168661787722,-6.29772934668839,3.02037282443283e-10,9.09293156996227e-10,"Normal"
"FIM1_3814","FIM1_3814",130.357381392045,1.40221170014192,0.222684814500349,6.2968447277743,3.037652837003e-10,9.13929110526165e-10,"Up"
"tRNA-Gly","tRNA-Gly",22.2516763261119,5.05982064217256,0.803691028347883,6.2957286615154,3.05959168060743e-10,9.19960147034128e-10,"Up"
"RTF1","RTF1",2482.35286464657,0.697982920487523,0.11091143516874,6.29315561038065,3.11076210600495e-10,9.34767660672732e-10,"Normal"
"VMA2","VMA2",7742.83213121236,-0.455804021904294,0.0725110121991599,-6.28599723104644,3.25755749886996e-10,9.78273911434435e-10,"Normal"
"ATG7","ATG7",2840.36818506039,-0.493499085139036,0.0785157847608306,-6.28534869316149,3.27118627025751e-10,9.81759980678274e-10,"Normal"
"CYC3","CYC3",4211.33274456931,0.450100488141427,0.0716306605902437,6.28362888786107,3.30759744512203e-10,9.9207506085481e-10,"Normal"
"ASG1","ASG1",7089.81532416131,0.512618306892669,0.0815933498808337,6.28259910447779,3.32958879097492e-10,9.98055023772187e-10,"Normal"
"YGR016W","YGR016W",1504.5052481509,0.881196493114888,0.140272428322137,6.2820363463817,3.34166692449494e-10,1.00105792762768e-09,"Normal"
"YOR338W","YOR338W",29404.516387664,-0.647876781641875,0.103158162357737,-6.28042189618633,3.37655477267287e-10,1.01088599139972e-09,"Normal"
"XPT1","XPT1",1442.4534364315,-0.560255144150336,0.0892183577644398,-6.27959489715736,3.39456349444486e-10,1.01565172533914e-09,"Normal"
"GCV3","GCV3",5185.38556460064,-0.587276637919574,0.0935763617774086,-6.27590800459348,3.47599674492821e-10,1.03937650360653e-09,"Normal"
"FIM1_4010","FIM1_4010",3375.64855961256,0.598741938275062,0.0954636103726639,6.27193897169546,3.56579353706852e-10,1.06557138970578e-09,"Normal"
"ERB1","ERB1",1443.80466753377,-0.539539534407988,0.0860946421007115,-6.2668189476512,3.68498179969302e-10,1.10051177410623e-09,"Normal"
"CLC1","CLC1",2801.56805207563,-0.555579468827473,0.0887314993416305,-6.26135558341467,3.81645161173912e-10,1.13907483915481e-09,"Normal"
"GGA2","GGA2",5744.1424676547,-0.49827905251495,0.079618418431104,-6.25833899157549,3.89099323630565e-10,1.16060995305151e-09,"Normal"
"FOB1","FOB1",747.335060201829,-0.630732469011748,0.100813245476149,-6.25644443875158,3.93853328940764e-10,1.17406952473814e-09,"Normal"
"ATP4","ATP4",45992.2860169898,0.504990703113505,0.0807618903172363,6.25283411680781,4.03070202524741e-10,1.20080816313165e-09,"Normal"
"SWC7","SWC7",226.804865948604,-0.938561128320441,0.150137682206796,-6.25133620370994,4.06955760089815e-10,1.21164095482623e-09,"Normal"
"CMC2","CMC2",4993.10553738952,0.517079331278255,0.0827519693186395,6.24854411968399,4.14296202501439e-10,1.23274050701439e-09,"Normal"
"NTF2","NTF2",3965.34704198483,-0.682189578852844,0.109182437718937,-6.24816218711811,4.15310305965611e-10,1.23500169931879e-09,"Normal"
"rplN","rplN",3232.3005162586,-0.523613445025496,0.0838276671104089,-6.24630820676243,4.20267505637916e-10,1.24897847699978e-09,"Normal"
"ugcg-b","ugcg-b",3128.33174764155,0.485426278866815,0.0777300975862983,6.24502340715423,4.23736654127013e-10,1.25851858337601e-09,"Normal"
"YTA6","YTA6",2368.13704730347,0.541330625374458,0.0866936137826243,6.24418110810089,4.26026138830486e-10,1.26454551531908e-09,"Normal"
"FMP52","FMP52",5143.60665134241,-0.637511039732478,0.102122717047796,-6.24259771147789,4.30362758175075e-10,1.27663775456208e-09,"Normal"
"GMH1","GMH1",456.407327873015,-0.775922824142418,0.124440085768761,-6.23531251484562,4.50877060729701e-10,1.33667580115047e-09,"Normal"
"CEP3","CEP3",271.984417047076,0.876292139971083,0.140688583788999,6.22859450547405,4.70638158487085e-10,1.39440903176143e-09,"Normal"
"DDC1","DDC1",321.950203040884,0.828559411237828,0.133120616171533,6.22412542149131,4.84249592540331e-10,1.43386274841771e-09,"Normal"
"RIB4","RIB4",1343.96773641731,-0.640186249960736,0.102911856879161,-6.2207239221467,4.94866253841073e-10,1.46440628953336e-09,"Normal"
"SPF1","SPF1",6419.22724026556,-0.510867038421426,0.082131918727042,-6.22007918893562,4.96904029209358e-10,1.46954149600016e-09,"Normal"
"RRM3","RRM3",1173.60542766452,0.699344571586325,0.112508850086407,6.21590720240434,5.10289561137276e-10,1.50820984036863e-09,"Normal"
"GEM1","GEM1",1123.47749610536,0.625153965932995,0.100702389861735,6.20793574801291,5.36850900598564e-10,1.58574986383491e-09,"Normal"
"GLO4","GLO4",22199.8064899812,-0.554800559424872,0.0893796383226442,-6.20723656793221,5.39243942576524e-10,1.59146422089846e-09,"Normal"
"AIM23","AIM23",2078.99856655134,0.671638251947501,0.108203456592125,6.20717926303641,5.39440537522075e-10,1.59146422089846e-09,"Normal"
"RHO1","RHO1",12392.9583040682,-0.478438831897659,0.0770836307799434,-6.20675008502772,5.40915136439613e-10,1.59484626696607e-09,"Normal"
"GTT1","GTT1",22314.4334411433,-0.671690210064335,0.108237620577562,-6.20570007433793,5.44539438311952e-10,1.60455859961054e-09,"Normal"
"OPT1","OPT1",1291.10692316924,0.93001283614485,0.149897892568496,6.20430894797191,5.49377677114819e-10,1.61783402006115e-09,"Normal"
"PIL1","PIL1",21904.765246716,0.589335249840849,0.0950092664591255,6.20292390210581,5.54236432742398e-10,1.63115374118432e-09,"Normal"
"dao1","dao1",5519.66849408936,0.616662520516146,0.0994684553007497,6.19957873731552,5.66144891171517e-10,1.66519250980775e-09,"Normal"
"YDR109C","YDR109C",36105.7101552041,-0.585947038509649,0.0945577833378608,-6.19670869838419,5.76560652250501e-10,1.69480230446775e-09,"Normal"
"OM14","OM14",47287.583995478,0.568738887416199,0.0918081219534106,6.19486462978531,5.83351446539477e-10,1.71336596182605e-09,"Normal"
"SHE1","SHE1",540.665931764845,-0.684683950046788,0.110525547174004,-6.19480262756687,5.83581120975944e-10,1.71336596182605e-09,"Normal"
"FIM1_4424","FIM1_4424",121402.782207351,-0.472218908205285,0.0762735201286177,-6.19112514289359,5.9736257388692e-10,1.75276856673704e-09,"Normal"
"TRM7","TRM7",239.813987421591,0.896566163818887,0.144899040014361,6.18752314528812,6.11168757150747e-10,1.79219613216384e-09,"Normal"
"THR1","THR1",1414.87543943744,-0.637767883072766,0.103231498230979,-6.17803571586036,6.49040340772671e-10,1.90210314584705e-09,"Normal"
"AIM22","AIM22",975.271681439533,0.598512547859465,0.0969224305507622,6.17517064376548,6.60920471099166e-10,1.93575200064548e-09,"Normal"
"FBP26","FBP26",12206.36936045,0.54690599593559,0.0885936172211195,6.17319862412408,6.69220514704192e-10,1.95888101261908e-09,"Normal"
"RTT10","RTT10",382.811445839541,0.776322516019905,0.125779656076626,6.172083310094,6.73959694867641e-10,1.97156541683436e-09,"Normal"
"SFA1","SFA1",21302.0492754008,-0.669594780586842,0.108493254927671,-6.17176414361647,6.75321908377558e-10,1.97436170445641e-09,"Normal"
"CDC3","CDC3",2529.25524339693,-0.524518675029654,0.0850573097645315,-6.16665018540683,6.97518307025066e-10,2.03802853507805e-09,"Normal"
"DBR1","DBR1",684.727662148149,0.63359320219723,0.102754748520803,6.16607223819888,7.00071122740643e-10,2.04425816430095e-09,"Normal"
"GEX1","GEX1",950.12510461214,-0.656310580682706,0.10648685915329,-6.16330114251874,7.12438326652396e-10,2.07912181934174e-09,"Normal"
"FIM1_2133","FIM1_2133",677.75298746883,0.616145043212082,0.0999939325840997,6.16182429562788,7.1911618645504e-10,2.09735027009906e-09,"Normal"
"RRN5","RRN5",291.62411421237,-0.794455559618616,0.129194027052188,-6.14932112378304,7.78152895433182e-10,2.26817331668256e-09,"Normal"
"MVD1","MVD1",1492.36797503097,-0.638468653414385,0.103917301141274,-6.14400726734039,8.04651583489501e-10,2.34400602168794e-09,"Normal"
"SDS22","SDS22",2912.67285547314,-0.476412992808899,0.0775715767907651,-6.1415922238365,8.16983692567245e-10,2.37850435121884e-09,"Normal"
"FIM1_1544","FIM1_1544",401.497283260018,-0.777735933153432,0.126667966301998,-6.13995752721865,8.25435478465511e-10,2.40167125141552e-09,"Normal"
"YGR130C","YGR130C",24537.0794816916,0.489508724448875,0.0797583217854794,6.13740000404564,8.38829859158138e-10,2.43918269637905e-09,"Normal"
"UBP10","UBP10",2830.37619119316,-0.519536047376557,0.0846947601817406,-6.13421711404248,8.55795772056968e-10,2.48702850264642e-09,"Normal"
"DPB11","DPB11",3009.910215877,0.566742863320881,0.0924085914160503,6.13301052030152,8.62314431685551e-10,2.50297838922347e-09,"Normal"
"CPA2","CPA2",2412.4626867808,0.659611363642281,0.107550104817799,6.13306109519586,8.62040229517890e-10,2.50297838922347e-09,"Normal"
"YCR087C-A","YCR087C-A",578.520561356089,0.683400395961412,0.11152578758777,6.12773431816011,8.91392681454049e-10,2.58583703831954e-09,"Normal"
"GCN20","GCN20",1901.89117955344,-0.521739557871235,0.0851914709741821,-6.12431681135489,9.10735262377865e-10,2.64037150351673e-09,"Normal"
"RAD57","RAD57",143.528794899806,1.1332559041087,0.185055943460815,6.12385575364491,9.13375915682445e-10,2.6464481659517e-09,"Up"
"FAF1","FAF1",986.388177312775,-0.806385293884286,0.131715679532969,-6.12216629594539,9.23116045139258e-10,2.67307560389252e-09,"Normal"
"FIM1_2648","FIM1_2648",406.852951198957,-0.730410104591492,0.119398649824921,-6.11740673502191,9.51103904281195e-10,2.75247997075779e-09,"Normal"
"IMP3","IMP3",524.89418082171,0.727307524686907,0.11893674982064,6.11507818890046,9.65096325948982e-10,2.79131133796792e-09,"Normal"
"KAR5","KAR5",198.738093446709,0.95564538486062,0.156375490305543,6.11122230851766,9.88709231053809e-10,2.85790490998837e-09,"Normal"
"TAM41","TAM41",3241.07350466617,-0.510969375543877,0.0836278545605458,-6.11003807557851,9.96073731297556e-10,2.87748053530013e-09,"Normal"
"JHD2","JHD2",3476.01152576514,0.744314951912538,0.121845745618331,6.10866590487309,1.00467388784427e-09,2.90060036900493e-09,"Normal"
"BEM2","BEM2",4653.8510038155,0.611083263808025,0.100133405527513,6.10269131054494,1.04297155609065e-09,3.00938170489576e-09,"Normal"
"NUP192","NUP192",3315.56044874614,-0.713184259475708,0.116882589936681,-6.10171506177319,1.0493632302111e-09,3.02602726148114e-09,"Normal"
"PTH4","PTH4",181.545122141825,1.00262999844504,0.164485331973918,6.09555871282202,1.09055875370538e-09,3.14295669291485e-09,"Up"
"BUD21","BUD21",198.579254218449,-1.1649187539581,0.191151244938431,-6.09422530485386,1.0996868842089e-09,3.16738504467756e-09,"Down"
"FIM1_863","FIM1_863",35.7522217924183,2.20228004726233,0.361637032027749,6.08975257570785,1.13085322622424e-09,3.25522264586705e-09,"Up"
"ISY1","ISY1",879.445688724175,0.617083764127505,0.101357779189307,6.08817368595824,1.14205939193902e-09,3.28553379836098e-09,"Normal"
"BUD6","BUD6",604.316786619854,-0.738192422383884,0.121496573696744,-6.07582913594266,1.23348696294947e-09,3.54645748696536e-09,"Normal"
"REC8","REC8",586.422846992113,-0.911728273381976,0.150074779883935,-6.07515982423621,1.23864292212591e-09,3.55917561124174e-09,"Normal"
"EMI1","EMI1",379.89809467799,0.748445664303213,0.123201867549845,6.074953888182,1.24023354720398e-09,3.56163995618449e-09,"Normal"
"SIT4","SIT4",1912.16239447562,0.591891949160624,0.0974848498866378,6.07163010302542,1.26618317876661e-09,3.63401303344769e-09,"Normal"
"FIM1_4743","FIM1_4743",257.046068877185,0.986236716742243,0.16271510458621,6.06112578946052,1.35172063536378e-09,3.87721993343128e-09,"Normal"
"ADA2","ADA2",1321.35823590644,-0.537890318311162,0.0887677280536326,-6.05952557427372,1.36523621034922e-09,3.91367713633443e-09,"Normal"
"MGM101","MGM101",1411.68916205198,-0.532459041496913,0.0878991572725684,-6.05761258718101,1.3815664114074e-09,3.95815518456873e-09,"Normal"
"MES1","MES1",3450.96362123013,-0.48355979042031,0.0798623851309227,-6.05491295592518,1.40493613056643e-09,4.02273698198132e-09,"Normal"
"PRP39","PRP39",333.011618685492,0.774875359937886,0.128057820461164,6.05098038641759,1.43966977431149e-09,4.11976173932834e-09,"Normal"
"GPI11","GPI11",308.530503285296,0.770268882034867,0.127327443867661,6.0495118619946,1.45285367848473e-09,4.15504180327092e-09,"Normal"
"CSE2","CSE2",650.56930575932,0.664020107857336,0.109804664726602,6.04728505396972,1.47306997553917e-09,4.21038059479108e-09,"Normal"
"ELM1","ELM1",214.32773168649,0.929296517766655,0.153794592825447,6.04245247309431,1.51789069637348e-09,4.33593820909978e-09,"Normal"
"FIM1_2817","FIM1_2817",9413.73121427854,-0.443698407455622,0.073542505630717,-6.03322396551988,1.6072041789928e-09,4.58836962733607e-09,"Normal"
"YPL260W","YPL260W",27183.1503727748,0.511357443921883,0.0847957052045916,6.03046395673108,1.6348963238369e-09,4.66468657517528e-09,"Normal"
"MDM31","MDM31",2241.8539101411,0.56671910351016,0.094029883731981,6.02701057384601,1.67020080277348e-09,4.76262071635935e-09,"Normal"
"GYP7","GYP7",3904.34879104125,-0.457567791691802,0.0759401668148299,-6.0253724857824,1.68720594874708e-09,4.80828956302759e-09,"Normal"
"FIM1_1422","FIM1_1422",530.617271214783,-0.802107772683901,0.133127395948442,-6.02511426719821,1.68990188859772e-09,4.81314963464028e-09,"Normal"
"PRM1","PRM1",165.62452996547,1.03310101964451,0.171535323960736,6.02267215749094,1.71560728215729e-09,4.88350075219816e-09,"Up"
"TMA22","TMA22",1623.61208139278,-0.601161525568541,0.0999467766998859,-6.01481653954356,1.8009053862561e-09,5.12330168139251e-09,"Normal"
"YGR125W","YGR125W",2785.087286123,-0.593603331708184,0.0987096639516699,-6.01362934432462,1.81415053454318e-09,5.15796222782054e-09,"Normal"
"BSP1","BSP1",1223.14109964207,-0.630490065959989,0.104865139471373,-6.01238952370921,1.82808412094305e-09,5.19453844658614e-09,"Normal"
"STE18","STE18",662.289101201974,-0.684931759068335,0.113968845942654,-6.00981569483448,1.85734353930387e-09,5.27459512418323e-09,"Normal"
"RPE1","RPE1",6254.92041198231,-0.544768214329143,0.0906656041663331,-6.00854336479933,1.87197548843591e-09,5.3130425807886e-09,"Normal"
"ESF2","ESF2",738.096768437324,0.756084644135257,0.126047832488342,5.99839465073853,1.9927773627342e-09,5.65260082050524e-09,"Normal"
"AAT1","AAT1",767.545832392779,-0.604059557648249,0.100754042823531,-5.99538778514576,2.03000434098888e-09,5.75483727705075e-09,"Normal"
"BOI1","BOI1",2608.44432670158,0.528499069956801,0.0882401146823676,5.98932891077042,2.10708655986745e-09,5.96987381597432e-09,"Normal"
"ECM4","ECM4",33416.8909059738,0.84145034294438,0.140504361018584,5.98878452486672,2.11415032227465e-09,5.9863965127812e-09,"Normal"
"CUE1","CUE1",3424.53794324807,-0.506012491506591,0.0845110998800629,-5.98752699023818,2.13055596350279e-09,6.02933688215495e-09,"Normal"
"FCY2","FCY2",2699.92289958011,-0.558417201049745,0.0932678330572097,-5.98724321929101,2.1342751185869e-09,6.03634621723733e-09,"Normal"
"PET494","PET494",2808.92954236535,0.539723094688774,0.090187730480348,5.98444036471657,2.17135124592988e-09,6.13763566257899e-09,"Normal"
"RGT1","RGT1",11160.6162801498,0.549198734609323,0.0917862604739481,5.98345255350285,2.18456693392007e-09,6.1714015883242e-09,"Normal"
"PTH1","PTH1",174.176062548396,0.956730576733529,0.160053855685476,5.97755407163457,2.26512755477101e-09,6.39526716364458e-09,"Normal"
"MAM33","MAM33",18561.7300720332,0.508473501760083,0.085083355839492,5.97618061421211,2.28429736816667e-09,6.44564512887447e-09,"Normal"
"SSM4","SSM4",1333.76842907848,0.538701273625937,0.0901493225620031,5.97565526080828,2.29167161072385e-09,6.46270014887244e-09,"Normal"
"tRNA-Ser","tRNA-Ser",49.247607432254,1.8143135721334,0.303627105734108,5.97546641215306,2.29432808963937e-09,6.46643862387338e-09,"Up"
"UBA1","UBA1",13779.2981305577,-0.475661015354512,0.079643863119985,-5.97234986753368,2.33860326680118e-09,6.58740479616634e-09,"Normal"
"YHC1","YHC1",1678.85046253419,0.558384635331104,0.093501806049887,5.97191283164287,2.34487817198366e-09,6.60125320838273e-09,"Normal"
"CCE1","CCE1",250.819640705981,-0.845735264657598,0.141772015536903,-5.96545983672958,2.43946049824246e-09,6.86354288416913e-09,"Normal"
"MID2","MID2",3376.81824428481,0.445757770149761,0.0747332158262278,5.96465393896941,2.4515305242465e-09,6.89351088964915e-09,"Normal"
"IMP4","IMP4",422.598608979804,-0.726383238739967,0.121887459380268,-5.95945835964776,2.53075336967184e-09,7.11216346051791e-09,"Normal"
"SCC2","SCC2",1442.38601717095,0.521972680570237,0.0876560182085297,5.95478429477013,2.60415071299166e-09,7.31420133781877e-09,"Normal"
"tRNA-Leu","tRNA-Leu",20.2481856204287,3.40050143008312,0.571124551307682,5.95404526437732,2.61594401038821e-09,7.34308026948371e-09,"Up"
"GCN4","GCN4",29811.7819595225,-0.484170093223595,0.0813401197084007,-5.95241431853451,2.6421546637434e-09,7.41237269695679e-09,"Normal"
"mug14","mug14",10832.7618465904,-0.488834418336405,0.0822671515754538,-5.94203651123202,2.81502697821642e-09,7.89279635727269e-09,"Normal"
"FIM1_1370","FIM1_1370",55.0549298814599,1.70478961840645,0.286994781917278,5.94014151413326,2.84776141364964e-09,7.97997272717625e-09,"Up"
"BFA1","BFA1",1321.60375476509,0.560037231748651,0.0943186636891596,5.93771380809988,2.89023994529728e-09,8.09433769118127e-09,"Normal"
"FIM1_2669","FIM1_2669",796.310381306847,-0.936880227853177,0.15781024479139,-5.93675162909506,2.90724575202889e-09,8.13727368036198e-09,"Normal"
"COX6","COX6",20168.119215551,-0.411855974881744,0.069400095261895,-5.93451598773063,2.94713614073207e-09,8.24417645815608e-09,"Normal"
"ATP22","ATP22",541.569453553216,0.889301722524411,0.149866890201728,5.93394392402064,2.95742876402539e-09,8.26820849505141e-09,"Normal"
"PUN1","PUN1",1527.00986540646,-0.547262080163918,0.0922456593517931,-5.93265942277945,2.98066732397624e-09,8.32838558205897e-09,"Normal"
"SIP3","SIP3",1295.46836558766,0.651904040896094,0.109952738965091,5.92894771910199,3.04882130597276e-09,8.51392110673656e-09,"Normal"
"YCF1","YCF1",6943.37838382452,-0.46024658183923,0.0776560241584545,-5.92673378307538,3.09019335093721e-09,8.62449712360937e-09,"Normal"
"RRP15","RRP15",492.375833792779,-0.80542659613857,0.135905722480334,-5.92636263903546,3.09718224821863e-09,8.63904049603578e-09,"Normal"
"CAF40","CAF40",5672.36815662879,-0.526809219363236,0.088936280417542,-5.92344560498763,3.15265042757326e-09,8.78871395730261e-09,"Normal"
"NAM7","NAM7",1109.27551464052,0.730465816406332,0.123355219454024,5.9216449829963,3.18737125997003e-09,8.88041109644172e-09,"Normal"
"SEM1","SEM1",559.540295572312,-0.663510123779505,0.112053498834598,-5.92136908423458,3.19272411747752e-09,8.89022721307925e-09,"Normal"
"FIG4","FIG4",911.900391429785,0.574556968829818,0.0971516249108756,5.91402325341343,3.33850721954309e-09,9.2908399654982e-09,"Normal"
"NPR3","NPR3",2545.4331809925,-0.481688859290092,0.0815457128253066,-5.90697956521641,3.48436953069975e-09,9.69121439591876e-09,"Normal"
"MRX6","MRX6",550.618267300716,0.649034319892327,0.109880032838704,5.90675396725685,3.48914234559305e-09,9.69893744693171e-09,"Normal"
"YDL183C","YDL183C",1469.9824454415,0.697506259477038,0.11818267308559,5.90193334831655,3.59266314850129e-09,9.98098927305191e-09,"Normal"
"SKP2","SKP2",1168.64448457785,0.558874767401242,0.0947043437294688,5.90125801407501,3.60740236597875e-09,1.00162103407376e-08,"Normal"
"YMR178W","YMR178W",2978.2076648338,-0.474541761128525,0.0804569103269085,-5.89808581016087,3.67742726721707e-09,1.02048081618548e-08,"Normal"
"VBA1","VBA1",13363.4384670153,-0.59354351968482,0.100706557359698,-5.89379217447413,3.77431820284788e-09,1.04677009975102e-08,"Normal"
"ADE1","ADE1",1968.92339946114,-0.518233136835194,0.0879812338354401,-5.89026902946708,3.85567412855538e-09,1.06872336512553e-08,"Normal"
"RKR1","RKR1",1805.97415919267,0.643306982549679,0.109302091442649,5.88558712883573,3.96643359120946e-09,1.0987970820802e-08,"Normal"
"LOS1","LOS1",979.239546369514,0.763152854764082,0.129729068826662,5.88266655782268,4.03708734425869e-09,1.11773261571242e-08,"Normal"
"HGH1","HGH1",191.974157587528,0.992634546359243,0.168855751278309,5.87859482928229,4.13763749519191e-09,1.14491916794633e-08,"Normal"
"GIM4","GIM4",294.26236340697,-0.872260441078075,0.148422221481514,-5.87688576798938,4.18056476682473e-09,1.15613911223684e-08,"Normal"
"ALD6","ALD6",114709.405668405,0.574115896876191,0.0977210097366354,5.87505080456569,4.22713688716016e-09,1.16835370504614e-08,"Normal"
"IES1","IES1",2551.39263948313,0.474593221688532,0.080809641429708,5.8729776953825,4.28036082639715e-09,1.18239188490414e-08,"Normal"
"AHK1","AHK1",1271.97251628751,0.608109551508069,0.103552148588783,5.8724957405079,4.29282740982473e-09,1.18516184001922e-08,"Normal"
"RPN2","RPN2",7351.82547715603,-0.570321817409923,0.0972035639779004,-5.86729327681429,4.42966759896147e-09,1.22224615919102e-08,"Normal"
"MAG1","MAG1",539.498854584598,-0.628842766122003,0.107244051585551,-5.86366103131005,4.52771320887565e-09,1.24859015220924e-08,"Normal"
"IRE1","IRE1",1857.51709089149,0.488887164464333,0.0833788572154883,5.86344285339423,4.53366927036529e-09,1.24952348183239e-08,"Normal"
"ABP1","ABP1",7568.66196739351,-0.45353581943178,0.0774096209801194,-5.85890763563173,4.65921731930659e-09,1.28339778653689e-08,"Normal"
"SNU66","SNU66",942.436617528464,0.655952815382263,0.112005428262429,5.85643772411961,4.72900801242574e-09,1.30188384885987e-08,"Normal"
"CDC34","CDC34",4236.87639572458,0.602812121658098,0.103015121761903,5.8516857656235,4.86615361840776e-09,1.33888111165591e-08,"Normal"
"TRL1","TRL1",411.118939958179,0.724744284394841,0.123861131692276,5.85126483581158,4.87848693116331e-09,1.34151488390054e-08,"Normal"
"DPP1","DPP1",1776.7976134212,-0.524885041578405,0.0897135358332591,-5.85067834751215,4.89572186078467e-09,1.34549278968058e-08,"Normal"
"FMP10","FMP10",4662.86924413457,-0.523196977958395,0.0894823957709522,-5.84692635295127,5.00739063074691e-09,1.3754048092029e-08,"Normal"
"BRE4","BRE4",2648.16123158382,0.507446860535923,0.0868073410751228,5.84566759275325,5.04540673226413e-09,1.38506391593624e-08,"Normal"
"MRN1","MRN1",1501.50397935452,0.570332865031186,0.0975761546035631,5.84500247369206,5.06560738778446e-09,1.38982418392121e-08,"Normal"
"FIM1_463","FIM1_463",214.38474338457,-0.942761439013507,0.161330070153119,-5.84368083469329,5.10598134057277e-09,1.40011079762094e-08,"Normal"
"BUD27","BUD27",1107.52855254272,0.554476466898696,0.0950267299285913,5.83495262138729,5.38058540753689e-09,1.47457780570907e-08,"Normal"
"ZWF1","ZWF1",11429.5953924604,-0.466775634435406,0.0800177817087123,-5.83339883295695,5.43095414516122e-09,1.48754262634376e-08,"Normal"
"GCV1","GCV1",6115.15047871967,-0.480879937205569,0.082453255371525,-5.83215223023977,5.47169630589323e-09,1.49785759720198e-08,"Normal"
"TCO89","TCO89",2406.50780393041,0.553727420950376,0.0950302129925652,5.82685657027515,5.64811142673086e-09,1.54528003504985e-08,"Normal"
"YOR283W","YOR283W",1931.97363868454,0.52843591344976,0.0908039217352671,5.81952743175983,5.901423844688e-09,1.61367577160039e-08,"Normal"
"COG8","COG8",1005.87729518869,-0.527345446062617,0.0906212635896445,-5.81922415527737,5.91214047630027e-09,1.61569688269646e-08,"Normal"
"PET191","PET191",4682.43832923041,0.468671627547513,0.0806043581764768,5.81447006278983,6.08262697119688e-09,1.66135381973275e-08,"Normal"
"GMC1","GMC1",5363.69877181101,0.479056914707878,0.0825241235745963,5.80505304336668,6.43456302086115e-09,1.75649110777328e-08,"Normal"
"KAP122","KAP122",2705.04120367512,0.548901530332424,0.0946180730007296,5.80123345281183,6.58288742593083e-09,1.79597136454789e-08,"Normal"
"AAT2","AAT2",2848.71863419724,-0.564123874638237,0.097310876367714,-5.79713075963421,6.74590930989649e-09,1.83941488983092e-08,"Normal"
"NOG2","NOG2",126.679823347634,-1.08675681150392,0.187593445356477,-5.79314916594656,6.90787014966462e-09,1.88252053041057e-08,"Down"
"RSM26","RSM26",3398.18781306317,0.484860614291502,0.0838053430563138,5.78555729991696,7.22723192723286e-09,1.96844842681752e-08,"Normal"
"PNO1","PNO1",1217.77026739648,-0.503388577648316,0.0870156978413024,-5.78503178318913,7.24986212355064e-09,1.97350588562087e-08,"Normal"
"SEN34","SEN34",344.055416684433,-0.859414419099434,0.148606504960409,-5.78315477729857,7.33125515066347e-09,1.99355794408023e-08,"Normal"
"RAD24","RAD24",329.323599429962,0.731018310093364,0.126405001687281,5.78314386563484,7.33173090362496e-09,1.99355794408023e-08,"Normal"
"Pir","Pir",5175.27183770513,0.623604603368614,0.107875659846213,5.78077208758327,7.43585703549391e-09,2.02073989571951e-08,"Normal"
"FIM1_954","FIM1_954",4185.9614193985,0.549951867769761,0.095159602885573,5.77925770067646,7.50309258835562e-09,2.03787182151034e-08,"Normal"
"HRI1","HRI1",11647.0751988662,-0.478115616820442,0.082732220584541,-5.77907390182853,7.51129298491138e-09,2.03895936389298e-08,"Normal"
"ECM14","ECM14",3742.57653764387,-0.499579568148459,0.0864529763079222,-5.7786277521446,7.53123473530306e-09,2.04323113226341e-08,"Normal"
"UBI4","UBI4",39073.9790809601,0.482064123316145,0.083460375603616,5.77596398086733,7.65137418924458e-09,2.07466669562162e-08,"Normal"
"CIK1","CIK1",234.575495206089,0.986816809799204,0.170860280722569,5.77557759840936,7.66895456035894e-09,2.0782738543661e-08,"Normal"
"FPK1","FPK1",6354.13436945246,-0.512211842916816,0.0886873931828975,-5.77547523423646,7.67361869960457e-09,2.07837866562868e-08,"Normal"
"ZRT3","ZRT3",4560.8625580786,0.474949414500989,0.0822991093316998,5.77101524375853,7.8795345549594e-09,2.13296147089402e-08,"Normal"
"SED1","SED1",235840.410865724,-0.438684010632409,0.076068695247778,-5.76694538013946,8.0721198859728e-09,2.183191533813e-08,"Normal"
"COX9","COX9",21489.8443768488,-0.463559990042955,0.0803828108297767,-5.76690445703144,8.07407941194065e-09,2.183191533813e-08,"Normal"
"SLX9","SLX9",362.603244098426,-0.760462352417692,0.131903706988416,-5.76528415903033,8.15203710719184e-09,2.20304495571998e-08,"Normal"
"PAA1","PAA1",3506.85181060211,-0.494102905377304,0.0857441709677042,-5.76252472676434,8.2864898055257e-09,2.23813529544466e-08,"Normal"
"MDM20","MDM20",1312.41232701213,-0.603289935182101,0.104868923220933,-5.752799939703,8.77773402248361e-09,2.36950053418044e-08,"Normal"
"KXD1","KXD1",126.48627795398,1.06565402640944,0.185267396424421,5.75197820542681,8.82051729362139e-09,2.3797275696672e-08,"Up"
"FLO5","FLO5",9258.74810893786,-1.48340378280823,0.257921223462262,-5.75138316612894,8.85162425937287e-09,2.38679479890637e-08,"Down"
"SEC7","SEC7",7577.96625205471,-0.419172597986678,0.0729306830998928,-5.7475479478581,9.05469276408662e-09,2.44019701279517e-08,"Normal"
"XRS2","XRS2",2141.47373324628,0.521679866313948,0.0907976722539179,5.7455202690115,9.16387785828408e-09,2.46825291094248e-08,"Normal"
"FIM1_1219","FIM1_1219",1673.25079899451,0.55232087385511,0.0961725100245275,5.74302234301931,9.30014499079163e-09,2.50356811691172e-08,"Normal"
"STB3","STB3",2706.37823477822,0.654643334360137,0.114052436129025,5.73984525520834,9.47631013727101e-09,2.54957867978958e-08,"Normal"
"RXT3","RXT3",1501.73687753225,-0.629546271802709,0.10969273627907,-5.73917921238722,9.51365044648889e-09,2.55820849582122e-08,"Normal"
"ECM38","ECM38",1071.14678080377,0.690286516639432,0.120288021693436,5.73861392781639,9.54545412561498e-09,2.56534079625903e-08,"Normal"
"ARP9","ARP9",919.286790173555,-0.551601176166957,0.0961329337126644,-5.73790016453321,9.58575907561867e-09,2.57474866492157e-08,"Normal"
"MNN11","MNN11",2109.70036529437,0.530519568484638,0.0924620184805914,5.73770265026173,9.59694154819815e-09,2.57632812059087e-08,"Normal"
"HDA1","HDA1",422.04278839821,-0.780019540780848,0.136110114410919,-5.73079777470436,9.9959381231788e-09,2.68195821869275e-08,"Normal"
"TAF10","TAF10",1862.04734640235,0.497555273312821,0.0868715974602857,5.72747926663008,1.01933890928298e-08,2.73342591622848e-08,"Normal"
"NIPA2","NIPA2",133.315142461005,1.10467249615995,0.19288519555165,5.72709840690777,1.02162912661773e-08,2.73805621965557e-08,"Up"
"GCD11","GCD11",5841.02431239537,-0.429038857996023,0.0749208300484002,-5.72656306288728,1.02485675922035e-08,2.74519238867237e-08,"Normal"
"RMT2","RMT2",1000.30912612629,0.572456183829559,0.100127445529827,5.71727542633683,1.0824559005554e-08,2.89788056242353e-08,"Normal"
"ROD1","ROD1",9205.33081024888,0.452804402470897,0.0792140012504131,5.71621677131901,1.08921775475859e-08,2.91437724139428e-08,"Normal"
"OST4","OST4",657.329410331965,-0.59398489342286,0.103943803463354,-5.71448103332366,1.10039320588799e-08,2.94265855113358e-08,"Normal"
"RSM25","RSM25",2781.86826337867,-0.539058157240376,0.0944368771611987,-5.70813196544219,1.14222846674702e-08,3.05285375133322e-08,"Normal"
"MOT2","MOT2",2208.94132016183,0.456570387295626,0.0800248436301306,5.70535806862508,1.16098764785819e-08,3.10128586088123e-08,"Normal"
"PSR1","PSR1",1318.52340169495,0.652215853989654,0.114338395578192,5.70425927958407,1.16850097710254e-08,3.11964079546222e-08,"Normal"
"MNN10","MNN10",598.693541960484,0.664015748066454,0.116528964510944,5.69828926956688,1.21015594358185e-08,3.22907618334114e-08,"Normal"
"RFX1","RFX1",729.502429309293,0.610666093893064,0.107178304886875,5.69766516215768,1.21459297223635e-08,3.23913680137015e-08,"Normal"
"AXL2","AXL2",823.827462433783,-0.626768554530592,0.110100857657099,-5.69267640477984,1.25063276629803e-08,3.33341997336377e-08,"Normal"
"IFH1","IFH1",3584.32330293657,0.467545709215447,0.0821488623660705,5.69144472301975,1.25968937889544e-08,3.35571858116938e-08,"Normal"
"BUD4","BUD4",970.718512202598,0.613229153980802,0.107792889685612,5.68895736786853,1.27817371117029e-08,3.40309373291859e-08,"Normal"
"SKG1","SKG1",6488.9669623574,0.423869325218944,0.0745090876705422,5.68882720847654,1.27914818871121e-08,3.40382313743033e-08,"Normal"
"FUN30","FUN30",474.393861672878,0.691825623888125,0.121687710702131,5.68525465633574,1.30617877367639e-08,3.47384929463249e-08,"Normal"
"SIN4","SIN4",2193.69256966649,-0.539595469260107,0.0949430912421902,-5.68335686357265,1.3207626945386e-08,3.51071440523142e-08,"Normal"
"cys2","cys2",822.484033220215,-0.527822985228456,0.092949480330936,-5.67860071244297,1.35801067128156e-08,3.60774950888851e-08,"Normal"
"POP3","POP3",152.789584400606,1.00740037345963,0.177505859140121,5.67530772414897,1.38439563656234e-08,3.67583519019475e-08,"Up"
"EMP24","EMP24",1299.92232548295,-0.565382158447377,0.0996461147039995,-5.67390068470662,1.39582074396398e-08,3.70414691148059e-08,"Normal"
"TFC3","TFC3",1250.09511115769,0.533944750024457,0.094130250642499,5.67240336002447,1.40807955982733e-08,3.73463896353766e-08,"Normal"
"RPC82","RPC82",641.807898269001,0.632166517125318,0.111500064638901,5.66965157529392,1.43088211611337e-08,3.79304757348329e-08,"Normal"
"PKP1","PKP1",5708.82710236608,0.468237145880108,0.0825942939738239,5.66912220387166,1.43530968624706e-08,3.80270979578761e-08,"Normal"
"MRPL15","MRPL15",3032.17018427315,-0.571233713801364,0.100813233911995,-5.66625721281812,1.45950386236506e-08,3.86470259794651e-08,"Normal"
"PAC10","PAC10",351.768397014893,-0.704765011605835,0.12440261111556,-5.66519468752282,1.46857696254735e-08,3.88660972822308e-08,"Normal"
"IDP1","IDP1",6790.63311602239,-0.672810019188903,0.118812095741966,-5.66280743544915,1.48916243701015e-08,3.93894408352332e-08,"Normal"
"ADP1","ADP1",4199.95045928483,0.491824391197484,0.086875079547075,5.66128277247768,1.50245611260921e-08,3.97194464154958e-08,"Normal"
"FUN26","FUN26",1531.23934942304,0.574021765615491,0.101406562911663,5.66059778710309,1.50846602265295e-08,3.98566416752076e-08,"Normal"
"LYS1","LYS1",2528.34707184328,-0.468235464560485,0.0827897694544556,-5.65571649306345,1.55197465782652e-08,4.09839394694513e-08,"Normal"
"BLM10","BLM10",2794.95832817931,-0.544573958920962,0.0962906546862385,-5.65552244603017,1.55372921927375e-08,4.10079862925104e-08,"Normal"
"PKR1","PKR1",467.707588905449,-0.750030856892375,0.132632442075874,-5.6549577550816,1.55884608871252e-08,4.11207011132146e-08,"Normal"
"ATP25","ATP25",1744.50258257007,0.539246790483649,0.0953646628196143,5.65457659619322,1.56230915605866e-08,4.11896917487197e-08,"Normal"
"COQ7","COQ7",2080.84543547381,-0.463270012148977,0.0819599662719585,-5.65239388473832,1.58228484030175e-08,4.16937203851747e-08,"Normal"
"RGR1","RGR1",3010.74899183974,-0.457717112348511,0.0810265421151217,-5.64897748811977,1.61404988447282e-08,4.25076877433791e-08,"Normal"
"COQ4","COQ4",2813.68412238814,-0.449748320035492,0.0797232820043696,-5.6413673487607,1.6870498920264e-08,4.44061507332409e-08,"Normal"
"miaA","miaA",790.256231878007,0.570912393381415,0.101223664987672,5.64010790807612,1.69943628653342e-08,4.4707963813026e-08,"Normal"
"GCD7","GCD7",843.218330104487,-0.598833060621783,0.106180677858325,-5.63975548753604,1.70291807006803e-08,4.47753187362585e-08,"Normal"
"MDV1","MDV1",1057.23406426908,0.589848845839807,0.104720309159307,5.63261176915066,1.77500734553891e-08,4.66455418711389e-08,"Normal"
"YDC1","YDC1",10078.0707738173,0.507953109090949,0.0902123501991083,5.6306382437642,1.79543962034322e-08,4.7156979001339e-08,"Normal"
"EAF1","EAF1",2659.27166704044,0.513233549584433,0.0911596639532748,5.63005091646124,1.80156430186475e-08,4.72922795394966e-08,"Normal"
"HMLALPHA2","HMLALPHA2",478.943074225209,0.678603202132144,0.120562174685167,5.62865761093169,1.81617503147208e-08,4.76500781745294e-08,"Normal"
"ALE1","ALE1",6276.61708828661,-0.445004532963937,0.0790632307212975,-5.62846381186477,1.81821637504287e-08,4.7677891885231e-08,"Normal"
"CWC25","CWC25",909.988903603108,0.57129103549454,0.101535447062858,5.62651814731134,1.83883449827428e-08,4.81925395205756e-08,"Normal"
"YEL043W","YEL043W",1713.6471094542,0.515228928168525,0.0916241306150472,5.62328858904239,1.87356016626796e-08,4.90761662959354e-08,"Normal"
"SHR3","SHR3",2741.647612368,0.458411401876762,0.0815351974930883,5.622251689715,1.88484380285517e-08,4.93451295154811e-08,"Normal"
"PRP9","PRP9",549.188454285483,0.635054661291287,0.112977236621885,5.62108509890984,1.89761763880361e-08,4.96527954062828e-08,"Normal"
"BUD32","BUD32",801.246204758483,-0.584851890416026,0.104169090576221,-5.61444750242959,1.97191283585645e-08,5.15690229786141e-08,"Normal"
"COG4","COG4",473.511085246302,0.620818682112577,0.110603262550645,5.61302323092236,1.98821894850966e-08,5.19674872017668e-08,"Normal"
"CNM67","CNM67",439.764009940741,0.693495130418101,0.123554415048996,5.61287211098927,1.98995674364017e-08,5.19849452545569e-08,"Normal"
"RAX2","RAX2",2192.6414542328,-0.650226461071983,0.115866951728128,-5.61183712330401,2.00189822427572e-08,5.22687988810087e-08,"Normal"
"GPT2","GPT2",10525.9548757412,0.440207664424764,0.0784448807723706,5.61168122241332,2.00370299601826e-08,5.22878241549556e-08,"Normal"
"SLA2","SLA2",1996.92106377921,-0.605551043613467,0.107930363301029,-5.61057171580642,2.01659279532278e-08,5.25959441356597e-08,"Normal"
"MCP1","MCP1",1180.89459929609,-0.566393987514992,0.101007523458834,-5.60744356578376,2.05336933879736e-08,5.34977030413746e-08,"Normal"
"SSN2","SSN2",2163.44767821081,0.548613170107806,0.09783622360802,5.60746469841088,2.05311871910371e-08,5.34977030413746e-08,"Normal"
"STE6","STE6",1041.44431943408,-0.640601939661621,0.114246649779105,-5.60718358831719,2.05645493958325e-08,5.35493813045821e-08,"Normal"
"DYN3","DYN3",647.840513129393,0.77630661664043,0.138456909773209,5.60684633155554,2.06046445512047e-08,5.36250497452082e-08,"Normal"
"FMP48","FMP48",13568.3910928264,0.418712264726478,0.0746933036281661,5.60575372072023,2.07350627368649e-08,5.39355834252818e-08,"Normal"
"YDR444W","YDR444W",1033.63379065539,-0.510485777512876,0.0910890003010033,-5.60425271795691,2.09155355576119e-08,5.43759161446956e-08,"Normal"
"NAT1","NAT1",2214.50195109025,-0.603797071371334,0.107742410314264,-5.60407985685649,2.09364171440511e-08,5.44010967395424e-08,"Normal"
"FIM1_1714","FIM1_1714",818.092476032453,0.62474838136533,0.111483077392122,5.60397502454912,2.09490907231679e-08,5.44049341656187e-08,"Normal"
"PAN1","PAN1",5622.15442409093,-0.605846366130629,0.108186773271964,-5.60000402828937,2.14346824145511e-08,5.56362830407606e-08,"Normal"
"NSP1","NSP1",3579.26917741965,-0.476779157215661,0.0851442074922986,-5.59966639255861,2.14764704369196e-08,5.57149865739416e-08,"Normal"
"PGI1","PGI1",39063.7046775566,-0.447615940395029,0.0799703513992368,-5.59727364658423,2.17748869161983e-08,5.64590050831416e-08,"Normal"
"PEX6","PEX6",452.849418323141,0.649019773794591,0.115966360186915,5.59662106104301,2.18569716564214e-08,5.66416134818941e-08,"Normal"
"CSM2","CSM2",76.0221045678355,1.30653257264139,0.233464880012909,5.59627029371248,2.1901216568277e-08,5.67260188194339e-08,"Up"
"PCL1","PCL1",809.660544969252,-1.72406347090141,0.308547629912545,-5.58767368068936,2.30131555820899e-08,5.95742796874666e-08,"Down"
"CHL1","CHL1",1368.59640287088,0.490756678221498,0.0878328899452068,5.58739076589247,2.30506655577121e-08,5.96396080643893e-08,"Normal"
"WHI2","WHI2",3050.04587365674,0.494419404829554,0.0885479839255684,5.58363254487141,2.35546108638096e-08,6.09110453364827e-08,"Normal"
"VPS53","VPS53",1118.22783207585,0.725136492515499,0.129926064115082,5.58114722749709,2.38937275292409e-08,6.17551181194584e-08,"Normal"
"FIM1_2385","FIM1_2385",836.089487651294,0.547708186306667,0.098138763991967,5.58095663759836,2.39199278828355e-08,6.17899678802221e-08,"Normal"
"CDC21","CDC21",377.194998356619,-0.765265835246688,0.137137371202763,-5.58028660265927,2.40122589611456e-08,6.19955187525007e-08,"Normal"
"OSH7","OSH7",3981.22803503852,0.487928568238757,0.0874447073598844,5.57985249159398,2.40722641943656e-08,6.21174358578982e-08,"Normal"
"APD1","APD1",1247.69962242945,0.589016138565297,0.105634418192313,5.57598696187223,2.46130361803788e-08,6.3479162845255e-08,"Normal"
"FIM1_396","FIM1_396",778.308542133302,0.606687895552885,0.108816324128272,5.57533899819778,2.47048300517792e-08,6.36821056878488e-08,"Normal"
"CCT5","CCT5",2745.8311528853,-0.543811723901563,0.0975405596674434,-5.57523686306132,2.47193293212571e-08,6.36856952131434e-08,"Normal"
"FMP37","FMP37",3584.1893475518,-0.495673224067182,0.0889252352421827,-5.57404456358474,2.48892022195519e-08,6.40893659696888e-08,"Normal"
"BCP1","BCP1",1682.16040423058,-0.465385418427919,0.0835811659200427,-5.56806564379739,2.57582791532681e-08,6.62920966132044e-08,"Normal"
"COX19","COX19",2013.52402413638,0.56323433657177,0.101254144518006,5.5625805664835,2.65814243545023e-08,6.83743467117663e-08,"Normal"
"HPT1","HPT1",3245.30895218568,-0.446741307379491,0.0804586104169974,-5.55243627828196,2.8171542344871e-08,7.23879028311623e-08,"Normal"
"UTP13","UTP13",1993.54752536782,-0.462197798146989,0.0832413225344488,-5.55250426199934,2.81605848423111e-08,7.23879028311623e-08,"Normal"
"EFR3","EFR3",608.431878983663,-0.592992842025153,0.106810697754757,-5.55181133060939,2.82724643753319e-08,7.26088289639205e-08,"Normal"
"RPI1","RPI1",9565.68998582541,0.730585103763625,0.131608023765212,5.55122007657363,2.83682681515226e-08,7.28163840191487e-08,"Normal"
"YIL077C","YIL077C",8977.8787242415,0.414742925428808,0.0747428112657182,5.54893398315398,2.87416672758846e-08,7.37358824147431e-08,"Normal"
"PRP42","PRP42",356.108329912671,0.713538139071254,0.128681352684064,5.54500029870774,2.93953668970195e-08,7.53731333786901e-08,"Normal"
"SNF2","SNF2",13996.3089297762,0.438462484421636,0.0790865385940242,5.54408490011682,2.9549544239486e-08,7.5728499715012e-08,"Normal"
"EHT1","EHT1",2730.40819959736,-0.423500121011213,0.0763967287048034,-5.54343265989328,2.96598771177284e-08,7.59711876199484e-08,"Normal"
"CGI121","CGI121",197.798130864033,0.835297788891225,0.150685829741471,5.54330682801649,2.96812087674137e-08,7.59857710225834e-08,"Normal"
"BRE1","BRE1",1525.2692090111,0.564976206515354,0.101930129096861,5.54277926969441,2.97708052311268e-08,7.61750092775382e-08,"Normal"
"JNM1","JNM1",283.137152204006,-0.746367703625517,0.134659014340639,-5.5426493894978,2.97929033087097e-08,7.61914300931686e-08,"Normal"
"TOK1","TOK1",767.16359411542,0.571832048476034,0.10317278938115,5.54246959790457,2.9823519675837e-08,7.622960657806e-08,"Normal"
"RNH1","RNH1",456.689371993346,-0.823625929654658,0.148685659207653,-5.53937705925216,3.03549451540192e-08,7.75471495811669e-08,"Normal"
"HUB1","HUB1",124.45355196887,-1.1420206910018,0.206251829838144,-5.53702089284734,3.07659862879728e-08,7.85559261026064e-08,"Down"
"VPS72","VPS72",1152.36596086351,0.606727818198488,0.109623199000846,5.53466623605653,3.11821564951047e-08,7.9576732358043e-08,"Normal"
"HNT3","HNT3",229.651371765101,0.98998500829498,0.178905919365988,5.53355088419276,3.13811888045049e-08,8.00426227827241e-08,"Normal"
"RPA34","RPA34",1109.0398814473,0.556791085052734,0.10068151302975,5.53022166927718,3.19826378266924e-08,8.15339124868303e-08,"Normal"
"LAS1","LAS1",377.221006940846,0.647788376357409,0.117247169873348,5.52498091900348,3.29521421582321e-08,8.39614361546145e-08,"Normal"
"ASF1","ASF1",1149.95957419917,0.520878136701964,0.0943288847500041,5.52193676499436,3.35283164020257e-08,8.53847428707773e-08,"Normal"
"YSH1","YSH1",1673.516164434,0.490003590038996,0.088770699160622,5.51987981025566,3.39231609461378e-08,8.63450178299023e-08,"Normal"
"SLM3","SLM3",625.893843049572,0.612816589258703,0.111022381571535,5.51975719295707,3.39468399605917e-08,8.63600499311597e-08,"Normal"
"YPL109C","YPL109C",2274.23279168037,0.514856232723593,0.0933531634292413,5.51514500217057,3.48492511155754e-08,8.86093726690637e-08,"Normal"
"CEX1","CEX1",1124.16357859762,-0.573334748149108,0.103962292070442,-5.51483366450439,3.49109980122058e-08,8.87199473542406e-08,"Normal"
"UBC9","UBC9",1662.21681251188,-0.454589077806303,0.0824729083078396,-5.51198068715483,3.54817862301774e-08,9.01233660702728e-08,"Normal"
"YPK3","YPK3",2246.19856086084,0.506228621195956,0.0918469203930138,5.51165590560684,3.55473354733666e-08,9.02426870768485e-08,"Normal"
"REF2","REF2",617.633717000366,0.65914863361189,0.119637870943068,5.50953162586417,3.59789750733371e-08,9.12907780059243e-08,"Normal"
"SYF1","SYF1",1087.81047824325,0.49275852623852,0.0894614551402593,5.50805400455385,3.62822111356378e-08,9.20121419144385e-08,"Normal"
"KAR4","KAR4",659.276747051527,0.591948277532896,0.107476762083276,5.50768618312337,3.63580795509724e-08,9.21564468117761e-08,"Normal"
"SRP21","SRP21",1090.42343823904,-0.563699247334533,0.102374662961814,-5.50623788177738,3.66583108031106e-08,9.28689948865039e-08,"Normal"
"CIT1","CIT1",144041.00694459,-0.461647862661024,0.0838653845002409,-5.50462941787023,3.69945616454998e-08,9.36720036662238e-08,"Normal"
"PCD1","PCD1",377.209132180732,0.772966083441727,0.140455510164697,5.50328059422769,3.72788386660688e-08,9.43426443116815e-08,"Normal"
"KNS1","KNS1",11838.7803935567,-0.62656598007131,0.113880924196757,-5.50193971897142,3.75635398027973e-08,9.50136595011932e-08,"Normal"
"SBE2","SBE2",8798.38169918683,0.423188839043995,0.0769273754159602,5.50114750120795,3.77327370591614e-08,9.53919715767248e-08,"Normal"
"CYB2","CYB2",13482.9163636942,0.49191206083456,0.089431575143379,5.50042935110909,3.78867538731064e-08,9.5731532537402e-08,"Normal"
"DSF2","DSF2",1098.1092695428,0.598970184176769,0.108902625882344,5.50005272438409,3.79677699989342e-08,9.58863796386805e-08,"Normal"
"FIM1_500","FIM1_500",1457.22868900137,0.519131882821948,0.0944376479047264,5.49708611279344,3.86118177055065e-08,9.74622453148342e-08,"Normal"
"GID7","GID7",7312.85195898499,-0.511440091511355,0.0930867646155047,-5.49422996517131,3.92418868086788e-08,9.90012087244914e-08,"Normal"
"SPT14","SPT14",311.930548599057,0.772819903118243,0.140827410819764,5.48770937859056,4.07179244339375e-08,1.02671715010121e-07,"Normal"
"SHY1","SHY1",8631.90557560691,-0.392905945919704,0.0716062888462931,-5.48703126848395,4.0874480297686e-08,1.03013018551067e-07,"Normal"
"ATG10","ATG10",227.864058131689,0.814309647183939,0.148473717028653,5.48453735435741,4.14552885563621e-08,1.04422626799048e-07,"Normal"
"TRM6","TRM6",280.648265336414,-0.851866376462741,0.155584492509794,-5.47526532189007,4.36856562540824e-08,1.0998373250704e-07,"Normal"
"YBR225W","YBR225W",9110.23765015748,0.438640583879818,0.0801164354971024,5.47503868785678,4.37416036033849e-08,1.10067556659165e-07,"Normal"
"STE50","STE50",1733.27610048912,0.474946123396633,0.0867619315379466,5.47413035853067,4.39665336291613e-08,1.10519082723277e-07,"Normal"
"ISD11","ISD11",4759.32604004568,-0.45228989319658,0.0826218123574823,-5.47421897790917,4.39445394987473e-08,1.10519082723277e-07,"Normal"
"GPB1","GPB1",468.001144229879,-0.701665337236468,0.128230165254206,-5.47192102455356,4.45183229813801e-08,1.11848258203995e-07,"Normal"
"TIM23","TIM23",4339.6063722596,0.460690167046371,0.0842399068515529,5.46878770721099,4.53124077122708e-08,1.1378449047748e-07,"Normal"
"CWC2","CWC2",439.641700773971,0.822399478875057,0.150450976141749,5.46622893360442,4.5971054121222e-08,1.15378797507757e-07,"Normal"
"TRM1","TRM1",1097.20940389543,-0.518448861374566,0.0950148677390839,-5.45650247915153,4.85604499518417e-08,1.21814778686628e-07,"Normal"
"GSP1","GSP1",8265.42160794318,-0.465498574205399,0.0854410211564218,-5.44818598730444,5.08861327842681e-08,1.27582930443116e-07,"Normal"
"FIM1_1565","FIM1_1565",191.828014373378,-0.846877610351573,0.155491744762874,-5.4464474087873,5.13857870178126e-08,1.28769231108588e-07,"Normal"
"PRO2","PRO2",2123.2121372276,-0.495024323807244,0.0909107118609377,-5.44517047192922,5.17557944358261e-08,1.29629590290556e-07,"Normal"
"ASI1","ASI1",4324.65238798868,-0.448748975402626,0.0824315888081103,-5.44389574301732,5.21277370510735e-08,1.30493907434913e-07,"Normal"
"YHR131C","YHR131C",5368.99888366416,0.51480409722938,0.0945673868249165,5.44378050947412,5.21614874868212e-08,1.30511157414245e-07,"Normal"
"BEM3","BEM3",526.210077578506,0.664334546586092,0.122078297830598,5.4418726210285,5.27233714855674e-08,1.31849131265246e-07,"Normal"
"GIM3","GIM3",329.614898136687,-0.734431932786598,0.135082090694007,-5.43693045475778,5.42062831629245e-08,1.35487824016795e-07,"Normal"
"SSL2","SSL2",15154.3965141376,-0.483332642564107,0.0889278673135122,-5.43510889404481,5.47629779601772e-08,1.36808899695888e-07,"Normal"
"GPI2","GPI2",579.933560507125,0.598719793506994,0.110264076026305,5.42987176860902,5.63945580992648e-08,1.40812516857311e-07,"Normal"
"FIM1_3541","FIM1_3541",781.123207402045,-0.642947478873377,0.118416453773,-5.4295451213721,5.64978680020192e-08,1.40998017782132e-07,"Normal"
"PFY1","PFY1",39.4322230354059,1.85779792481795,0.342265718634596,5.42794040907537,5.70080655602578e-08,1.42198249772738e-07,"Up"
"NVJ3","NVJ3",1135.80739985764,0.520008818454696,0.0958657181185258,5.42434593575746,5.81671345988649e-08,1.45014934333445e-07,"Normal"
"ARE2","ARE2",6143.49664037579,-0.457412116044724,0.084327326368124,-5.42424544622617,5.81998642327145e-08,1.45022123234236e-07,"Normal"
"FIM1_984","FIM1_984",1166.59217046177,-0.563919207109161,0.104110821410795,-5.41652826735538,6.07673873242641e-08,1.51342252695335e-07,"Normal"
"CHC1","CHC1",11540.4729895019,-0.622356722891128,0.114941854846734,-5.41453523367091,6.14481032286034e-08,1.52959187288824e-07,"Normal"
"CAF20","CAF20",717.620825455916,0.754809475336192,0.139435859180121,5.41330960180868,6.18703774009345e-08,1.53929135776489e-07,"Normal"
"YMR087W","YMR087W",86.8655928325706,-1.17147781913974,0.2164105040111,-5.41322069597721,6.19011177829305e-08,1.53929135776489e-07,"Down"
"MRPS16","MRPS16",1860.37085655167,-0.528406803386686,0.0977275979739893,-5.40693534212643,6.41122745279428e-08,1.59346057253849e-07,"Normal"
"MTC1","MTC1",5646.26138202107,-0.381608327762262,0.0706038989666237,-5.40491861423486,6.4837826251157e-08,1.61066972267061e-07,"Normal"
"MRPL27","MRPL27",2445.05283076999,-0.500883285889392,0.0928943986114471,-5.39196435281803,6.96915954333796e-08,1.73036005217574e-07,"Normal"
"YPL113C","YPL113C",4476.4103212047,-0.498115726100524,0.0924000813593429,-5.39085808986853,7.01220346234686e-08,1.74015815237709e-07,"Normal"
"YIL108W","YIL108W",6747.01551570972,-0.404923412126727,0.0751275147482471,-5.38981508284453,7.05302191770416e-08,1.74939425717838e-07,"Normal"
"YKL063C","YKL063C",1319.45040232321,-0.481725727820101,0.0894044791698468,-5.3881609992374,7.11822740840047e-08,1.76466668252132e-07,"Normal"
"IBD2","IBD2",723.960442343239,0.574792640476613,0.106752829713439,5.38433165677718,7.27143209684433e-08,1.80172812639299e-07,"Normal"
"TRM732","TRM732",2627.37012183559,0.517135879844575,0.0960605700147434,5.38343546957097,7.3077453677669e-08,1.80980299398468e-07,"Normal"
"SAP190","SAP190",4959.25780495519,0.43556684520856,0.0809716080306506,5.37925398546713,7.47951263348982e-08,1.85139846592598e-07,"Normal"
"CDC50","CDC50",1071.66384563987,-0.469258581963733,0.0872546493358154,-5.3780352741744,7.53030652369628e-08,1.86302237263952e-07,"Normal"
"POL1","POL1",1510.90632494173,-0.508601715809275,0.0945904665684254,-5.37688135242847,7.57870790434683e-08,1.87404283497309e-07,"Normal"
"NDK1","NDK1",12577.4227572626,0.415176639449254,0.0772633089876504,5.37352910312986,7.72103364576675e-08,1.90826564012109e-07,"Normal"
"PCM1","PCM1",1235.67410308719,-0.599495531931999,0.11167030986234,-5.36844155506527,7.94199188462623e-08,1.96187791395012e-07,"Normal"
"CRC1","CRC1",28437.6604240515,-2.49464370964244,0.464779420894532,-5.36737126794717,7.98924922740942e-08,1.97254888190967e-07,"Down"
"STE5","STE5",1207.68403639509,0.490415322372255,0.0914048513478384,5.36530955568206,8.08105052578274e-08,1.99420134610352e-07,"Normal"
"GAL80","GAL80",23835.8123994173,-1.4377034832068,0.268049455536893,-5.36357546530781,8.15905406056476e-08,2.01242861321239e-07,"Down"
"MSW1","MSW1",1669.93674741945,0.493707021973369,0.0920532355270521,5.36327722916682,8.1725427122532e-08,2.01473287868281e-07,"Normal"
"HAT1","HAT1",1159.93459542907,-0.530997871820099,0.0991143933450811,-5.35742442544498,8.44166591946093e-08,2.08002305794425e-07,"Normal"
"UBC6","UBC6",4123.75662415701,0.417469194695076,0.0779954504015625,5.35248136328107,8.675624086705e-08,2.13658679357829e-07,"Normal"
"UTP5","UTP5",630.290984886351,0.583520720964105,0.109084260757892,5.34926594276699,8.8311690769521e-08,2.17379182091744e-07,"Normal"
"AIM11","AIM11",279.816545876013,0.749194342976119,0.140197077007182,5.34386564234673,9.09850195330757e-08,2.23846182233526e-07,"Normal"
"VPS16","VPS16",1222.24906451963,0.528545468096513,0.0989732253126518,5.34028740022225,9.27993468413558e-08,2.28194294242877e-07,"Normal"
"ZUO1","ZUO1",4171.46959648366,-0.453497478085438,0.0849215088284697,-5.34019572122115,9.28462893019485e-08,2.28194294242877e-07,"Normal"
"ENT4","ENT4",3056.25819739797,0.50486672147311,0.0945445419829284,5.33998801923724,9.29527241397391e-08,2.28340387560664e-07,"Normal"
"SFH1","SFH1",1611.86896536531,-0.487781844458829,0.091353606535471,-5.33949192547129,9.32074207197515e-08,2.28850357391244e-07,"Normal"
"CAB1","CAB1",1992.4872886715,0.465087225899973,0.0871263604547993,5.33807705810526,9.3937536150441e-08,2.30526509169188e-07,"Normal"
"SPC105","SPC105",1364.65678002712,-0.457766789287834,0.0857730131336686,-5.33695590913252,9.45200126529238e-08,2.31838839717595e-07,"Normal"
"RCE1","RCE1",600.991109565095,-0.623078480326915,0.116751844664244,-5.33677632348137,9.46136380356647e-08,2.31951396173206e-07,"Normal"
"MRS2","MRS2",1346.24829291982,0.505491845330322,0.0947334348568353,5.33593916545136,9.50512689427139e-08,2.32906765402242e-07,"Normal"
"ECM25","ECM25",488.6734060772,0.626686498852116,0.11745806253688,5.33540640222417,9.53307947440784e-08,2.33473957490664e-07,"Normal"
"MRPS9","MRPS9",7014.8131256901,-0.45764375988682,0.0858163201132766,-5.33282899199983,9.66943645341893e-08,2.36694164872356e-07,"Normal"
"LSC2","LSC2",23637.1542631258,-0.451719598182434,0.0847688618676607,-5.32883877676273,9.8842687703512e-08,2.41831127669368e-07,"Normal"
"PRP4","PRP4",514.919740848729,0.573600241319333,0.107709825188238,5.32542170890062,1.00719091454047e-07,2.46297969489287e-07,"Normal"
"MSA1","MSA1",1752.64652205858,-0.510748706263169,0.0960214928374417,-5.3191081618345,1.04277132844228e-07,2.54870517349148e-07,"Normal"
"TOM6","TOM6",3865.77665225974,-0.507487253316851,0.0955022866870486,-5.31387541514933,1.0731800437577e-07,2.6217103230863e-07,"Normal"
"PDB1","PDB1",5369.81212167974,-0.623056626544966,0.117376197499788,-5.30820251308698,1.10711596766119e-07,2.70325451601292e-07,"Normal"
"YNL058C","YNL058C",1391.61942354591,0.527409265104765,0.099362478666212,5.30793184896775,1.10876080112764e-07,2.70591096568519e-07,"Normal"
"PBI2","PBI2",12054.4455208157,0.552044795748304,0.104075131714991,5.30429110827432,1.13111685010076e-07,2.75908472622469e-07,"Normal"
"PEX8","PEX8",449.690047873875,0.661574724242673,0.124809503369766,5.30067588108788,1.15374756746067e-07,2.81287477686472e-07,"Normal"
"FIM1_4228","FIM1_4228",124.988674800192,0.99710317938252,0.188193309838357,5.29829237946318,1.16890688501982e-07,2.84840449062754e-07,"Normal"
"FMP41","FMP41",1645.24632404823,-0.514981921084165,0.0972160845543493,-5.29729132216039,1.17533102602049e-07,2.86262328593161e-07,"Normal"
"UNG1","UNG1",444.473845229035,-0.705890080706107,0.133332389465456,-5.29421308307831,1.19529994446938e-07,2.90980081672181e-07,"Normal"
"TSC3","TSC3",943.696330068091,-0.53078376954288,0.100267815267769,-5.29366046448107,1.19891943814272e-07,2.91715050071881e-07,"Normal"
"GAL83","GAL83",2853.81590566364,-0.416548904801756,0.0787481311243964,-5.2896354345698,1.22560401777232e-07,2.98058554672457e-07,"Normal"
"ALG8","ALG8",915.494709101675,0.489919625480451,0.0926498837023921,5.2878601235395,1.23755551953338e-07,3.00814520731001e-07,"Normal"
"PLC1","PLC1",572.869834475557,0.727432381732936,0.137699889475214,5.28273758610295,1.27267625337363e-07,3.09196695757123e-07,"Normal"
"RPA49","RPA49",1377.51242079113,-0.480358974423626,0.0909336365188247,-5.28252242858653,1.27417230526906e-07,3.094054588357e-07,"Normal"
"SWD2","SWD2",1268.67238731836,0.489276448900154,0.0926875017593359,5.27877480364683,1.30050516076341e-07,3.15642086720749e-07,"Normal"
"MEH1","MEH1",1503.40423630913,0.472906269551508,0.0896005475042617,5.2779395073341,1.30644575517237e-07,3.16925607807417e-07,"Normal"
"CYR1","CYR1",7084.06954099793,0.50549076695677,0.0959816259721352,5.26653681719791,1.39021376156035e-07,3.37078276817451e-07,"Normal"
"NPP1","NPP1",2320.67563773166,0.462175275240423,0.0877693181297803,5.26579544069177,1.39583642450039e-07,3.38272777388897e-07,"Normal"
"FIM1_1875","FIM1_1875",43.7915606678137,1.69937797147851,0.322818293337118,5.26419353101485,1.40806065578582e-07,3.41065140900464e-07,"Up"
"PEX1","PEX1",934.820228895005,-0.812068964759544,0.15429701126704,-5.26302459192877,1.41704615622785e-07,3.43070616497813e-07,"Normal"
"YBL010C","YBL010C",237.003229268682,0.832231013081652,0.158256318328382,5.25875378545565,1.45034923084616e-07,3.50958511587723e-07,"Normal"
"EMP65","EMP65",1377.87655456644,0.47129985662836,0.0896715493437872,5.25584603006544,1.47345526871582e-07,3.5637228226432e-07,"Normal"
"YTA12","YTA12",14794.653835892,0.463221494899062,0.0881455248731498,5.25519015929264,1.47871604212318e-07,3.57466728789878e-07,"Normal"
"CRP1","CRP1",14739.6189462357,0.388054250477418,0.0738439512507424,5.25505805018141,1.47977789198732e-07,3.57545538397135e-07,"Normal"
"AIM36","AIM36",3843.24968981924,0.452062472570413,0.0861220830167632,5.24908892975128,1.52853277602701e-07,3.69142184826802e-07,"Normal"
"COQ6","COQ6",1843.53416521803,-0.422897605111453,0.0805759607521771,-5.24843391457826,1.53397647975108e-07,3.70272812474442e-07,"Normal"
"HSP31","HSP31",4515.95595419971,1.75548971084168,0.335769421043072,5.22825963540167,1.71113105376626e-07,4.12829483130599e-07,"Up"
"NNK1","NNK1",2300.89997278846,0.555132330935766,0.106247531258327,5.22489628098779,1.74252757002132e-07,4.20195606090997e-07,"Normal"
"PRI1","PRI1",175.567290146234,-0.965205824466095,0.184812128670282,-5.22263247228805,1.76397278281135e-07,4.25155940063509e-07,"Normal"
"DBP3","DBP3",1216.41378370555,-0.502987719355169,0.0963167555634531,-5.22222448641143,1.76786470101781e-07,4.25882725941771e-07,"Normal"
"SMD1","SMD1",519.627654155293,0.572849789817105,0.109770288270211,5.21862335286008,1.80257908776313e-07,4.34030316523342e-07,"Normal"
"FIM1_1769","FIM1_1769",28.9108428511386,2.22854034125555,0.427198273585285,5.21664173067086,1.82196176449688e-07,4.38480050207545e-07,"Up"
"DOT6","DOT6",2597.3994802681,0.436698928616542,0.0837222376185968,5.21604463805612,1.82784145153151e-07,4.39677307573841e-07,"Normal"
"FIM1_2535","FIM1_2535",3572.00123544337,0.441678802110019,0.0846784954542798,5.21595004422927,1.82877461686855e-07,4.39684110013076e-07,"Normal"
"MSH4","MSH4",1951.14157960048,0.430844043468644,0.0827275860222742,5.20798519798027,1.90902149469806e-07,4.5875051645588e-07,"Normal"
"HEM2","HEM2",7554.31493621041,-0.372608508146217,0.0715637413976057,-5.20666612546173,1.92263571382008e-07,4.61793718905179e-07,"Normal"
"MRD1","MRD1",2461.9185998427,-0.729691185603241,0.140165263284376,-5.20593454116228,1.93022684394509e-07,4.63387956261323e-07,"Normal"
"BZZ1","BZZ1",2281.33417752064,-0.405317005560988,0.0779018625070227,-5.20291803709378,1.96183408547416e-07,4.70743299818219e-07,"Normal"
"CCT6","CCT6",2461.36331284215,-0.41959277815075,0.0806866207284918,-5.20027700209019,1.98991736544187e-07,4.77246223034653e-07,"Normal"
"TIM22","TIM22",965.23782947144,0.501005786342476,0.0963557755675896,5.19954079961757,1.99781472522029e-07,4.78903885044174e-07,"Normal"
"coa6","coa6",2753.17083665517,-0.398987957342434,0.0767421925792793,-5.19906903793836,2.00289130306861e-07,4.79884065168165e-07,"Normal"
"POB3","POB3",2478.91679129714,-0.3984277341365,0.0766369912272396,-5.19889583027999,2.00475829975335e-07,4.80094656407173e-07,"Normal"
"TAT2","TAT2",3801.26018669991,0.460527750826681,0.0886099590319555,5.19724595133375,2.02262678706326e-07,4.84135150657162e-07,"Normal"
"HAP1","HAP1",2967.11554997794,0.510627231674135,0.0983116443353384,5.19396491764901,2.05861950228715e-07,4.925077381395e-07,"Normal"
"SNF7","SNF7",6266.39411541854,-0.53941417588714,0.103951751260789,-5.18908213998132,2.11333166598087e-07,5.05348354576822e-07,"Normal"
"SRP72","SRP72",1370.61357446613,-0.531946647009195,0.10258961699048,-5.18518991116379,2.15794855797175e-07,5.15763504337665e-07,"Normal"
"PHO85","PHO85",2002.39313581435,-0.416595749542305,0.0803508271729436,-5.18471015420467,2.16351065659548e-07,5.16838656853364e-07,"Normal"
"RIB5","RIB5",1695.31411300622,-0.53766091559072,0.103712956933304,-5.18412483347167,2.17031537988231e-07,5.18209456061335e-07,"Normal"
"OPI10","OPI10",1589.34988561623,0.512451436352773,0.0989485769612053,5.17896721802971,2.23117669105963e-07,5.32479741741588e-07,"Normal"
"MIC17","MIC17",12356.9167776097,0.479446195957631,0.0926187012000437,5.17655926660096,2.26015277486458e-07,5.39130207808885e-07,"Normal"
"VMA16","VMA16",2076.10891273759,-0.409352099049131,0.0790925842397244,-5.17560657530688,2.27171708581058e-07,5.41622832186143e-07,"Normal"
"STE2","STE2",95.4561411956151,1.26316102832521,0.244099101732532,5.17478769630746,2.28170277886032e-07,5.43736822093296e-07,"Up"
"RRN6","RRN6",430.086782847517,0.609099810808131,0.117710978861878,5.17453696076089,2.2847688064042e-07,5.44200570113628e-07,"Normal"
"MDH3","MDH3",73961.9221085931,-0.448421212265014,0.0866687448670693,-5.17396684298121,2.2917551055546e-07,5.45329973451997e-07,"Normal"
"YGR026W","YGR026W",3758.85777092494,0.427544210122108,0.0826336399957598,5.17397285347767,2.29168134459018e-07,5.45329973451997e-07,"Normal"
"STT4","STT4",1174.04147767285,-0.485066604110611,0.0937969959156558,-5.17145138152179,2.32282712067284e-07,5.52313216098139e-07,"Normal"
"ALD4","ALD4",326.351053832466,0.806716534037703,0.155995552453517,5.17140726994819,2.32337561989009e-07,5.52313216098139e-07,"Normal"
"CDC1","CDC1",1257.75141272355,-0.468952570838798,0.090759395773064,-5.1669864794095,2.37898465072187e-07,5.65256059552937e-07,"Normal"
"NUF2","NUF2",142.786563587042,0.901069562664078,0.174407895157003,5.16644938494859,2.38582771904783e-07,5.66604930931253e-07,"Normal"
"ATP19","ATP19",5251.36327689738,0.454736123821756,0.0880519467456457,5.16440738255731,2.41201868282308e-07,5.72545128472758e-07,"Normal"
"GCD6","GCD6",2447.52022675799,-0.455054950954946,0.0881168846008955,-5.16421969541943,2.41443987077487e-07,5.72840006449956e-07,"Normal"
"TFC1","TFC1",802.078228840837,0.647452565268226,0.125418657211215,5.16233054686483,2.4389412485822e-07,5.78370694331914e-07,"Normal"
"ACN9","ACN9",1898.49348351711,-0.427650438724263,0.0829421894525394,-5.15600614773945,2.52272616556723e-07,5.9794763114591e-07,"Normal"
"ECM11","ECM11",190.80685344799,-1.21369909120596,0.235434501894795,-5.15514540748283,2.53434191389844e-07,6.00407964877256e-07,"Down"
"STE12","STE12",3126.57950118189,0.404593721160715,0.0785114699591155,5.15330717118665,2.55932227984898e-07,6.06030553498351e-07,"Normal"
"UPF3","UPF3",1415.17194905777,0.500852644451024,0.0973264081097748,5.14611249072411,2.6593998508285e-07,6.29421523388975e-07,"Normal"
"MPO1","MPO1",3417.86175121321,-0.523783098506914,0.101865121953013,-5.14192776157985,2.71933680993405e-07,6.43293941551584e-07,"Normal"
"NST1","NST1",3297.36384048204,0.47964444605816,0.0933087546369911,5.14040132594387,2.7415226822059e-07,6.48226701354671e-07,"Normal"
"BST1","BST1",1414.3221206294,-0.593564162066608,0.115528820149334,-5.13780164377478,2.77971057843865e-07,6.56936464038589e-07,"Normal"
"FIM1_2375","FIM1_2375",1048.20413756714,-0.498835824177457,0.0971308570873126,-5.13570907470779,2.81082195784256e-07,6.63643532223373e-07,"Normal"
"MED7","MED7",1573.31352559834,-0.435999296510153,0.0848954168244549,-5.13572243142058,2.81062231395058e-07,6.63643532223373e-07,"Normal"
"BUD31","BUD31",115.718791272843,1.00152439349227,0.195194814183221,5.13089652347106,2.88365409446729e-07,6.80508754007604e-07,"Up"
"FIM1_4538","FIM1_4538",135819.496474371,1.92718872659689,0.376132549741248,5.12369569696284,2.99604376634521e-07,7.06688187411232e-07,"Up"
"FIM1_1249","FIM1_1249",3836.78142835994,-0.508869529250522,0.0993272564880665,-5.12316102591296,3.00455546841217e-07,7.08352014605275e-07,"Normal"
"NIP100","NIP100",959.010193051446,0.47910993930472,0.0935590848038965,5.12093443740876,3.04025343125214e-07,7.16420534551606e-07,"Normal"
"EMG1","EMG1",1223.36268688479,0.462676542634945,0.0904061070606694,5.11775761259639,3.09189594524223e-07,7.28236664950654e-07,"Normal"
"DSD1","DSD1",1209.58301439133,-0.544024711178912,0.106325602328697,-5.11659185806539,3.11105806942581e-07,7.32394920510659e-07,"Normal"
"HIT1","HIT1",184.179619697157,0.832414533989183,0.162782832411847,5.11365063290668,3.15991552096381e-07,7.43536538322672e-07,"Normal"
"CIA2","CIA2",1806.20099845,0.439546687777906,0.085989692042252,5.1116206761379,3.19406684796641e-07,7.51208655095293e-07,"Normal"
"GUK1","GUK1",1051.43439728192,-0.622484418932782,0.121795054278824,-5.11091704518425,3.20598745826408e-07,7.53647462975577e-07,"Normal"
"FKH2","FKH2",2014.19792934731,0.409949828533812,0.0802590199948862,5.10783496434336,3.25871076562521e-07,7.65670967609909e-07,"Normal"
"CMR2","CMR2",3899.38469760284,0.488597279454329,0.0956586952379992,5.10771423589562,3.2607929387955e-07,7.65789893166136e-07,"Normal"
"NGR1","NGR1",1615.09646771946,1.55528749507882,0.305033732713182,5.09873934677653,3.41922994599743e-07,8.02610546260942e-07,"Up"
"COX10","COX10",5572.70377669381,0.435090112979224,0.0853840324509053,5.09568476084091,3.47482936193378e-07,8.15267787041827e-07,"Normal"
"ACS2","ACS2",30296.8028257133,-0.672430641378957,0.132024465832105,-5.09322751007443,3.5201885186625e-07,8.25511390549281e-07,"Normal"
"PDS5","PDS5",1739.02237867763,-0.488430992310611,0.0959272027573092,-5.09168388393766,3.54897450098194e-07,8.31860448638266e-07,"Normal"
"CWC22","CWC22",1392.79295793373,0.458172941148579,0.0899919490348922,5.09126589725191,3.55680824453602e-07,8.33294660568975e-07,"Normal"
"EMI5","EMI5",2748.67358294145,-0.524018815296753,0.102948342989275,-5.0901141298733,3.57848067315143e-07,8.37968076667122e-07,"Normal"
"CYM1","CYM1",7125.55922105908,0.42251924189778,0.0830775688539871,5.08584023011528,3.66002070194953e-07,8.56649354083466e-07,"Normal"
"RPB1","RPB1",13518.1601638206,-0.559394516788358,0.110167056331891,-5.07769323619864,3.820448727005e-07,8.93767952071127e-07,"Normal"
"ARC18","ARC18",1575.49964711581,-0.516197477296615,0.10166195689301,-5.07758745820589,3.82257564881078e-07,8.93835181788815e-07,"Normal"
"RIX7","RIX7",490.37011619468,0.58854237310709,0.115918839337675,5.0771934611306,3.8305079701833e-07,8.95259173983678e-07,"Normal"
"CIN1","CIN1",729.712944271427,-0.530199442867348,0.104438532046126,-5.07666502467867,3.84117189566082e-07,8.97319915433458e-07,"Normal"
"TRP2","TRP2",1220.89154873167,-0.505399297908646,0.0995611049779313,-5.07627248633563,3.84911191640029e-07,8.98742662267611e-07,"Normal"
"DBF2","DBF2",1807.85618503803,-0.658584976120808,0.12987642146028,-5.07085865714448,3.96024821334866e-07,9.24248130098997e-07,"Normal"
"DBP2","DBP2",2428.78652195253,-0.485901568573227,0.0958315646362448,-5.07037081589558,3.97041343654883e-07,9.26175654737915e-07,"Normal"
"RRP40","RRP40",785.034865364497,0.566894924260389,0.111838459134976,5.06887280677045,4.00178528452655e-07,9.33045810821234e-07,"Normal"
"FIM1_539","FIM1_539",304.375994322547,0.674064134356928,0.132985404918117,5.06870761322994,4.00525943405884e-07,9.33407941970836e-07,"Normal"
"PTR3","PTR3",616.069632516138,0.607980750445154,0.120012211220169,5.0659907376407,4.06281671228219e-07,9.46367517017217e-07,"Normal"
"LPX1","LPX1",1196.83364972305,-0.471237891962756,0.0930734139008546,-5.06307733016795,4.12542413686578e-07,9.60490459081497e-07,"Normal"
"PER33","PER33",1610.45168798144,0.476490330391511,0.0941358768232256,5.06172934774161,4.15470550328544e-07,9.66844542167814e-07,"Normal"
"tRNA-Ala","tRNA-Ala",29.6848418364111,1.93084215822677,0.381619982770919,5.0595939557647,4.20150212538569e-07,9.77266578614125e-07,"Up"
"NIS1","NIS1",496.217990725769,-0.605832559277984,0.119780955795815,-5.05783707646079,4.24038466267036e-07,9.85367244185332e-07,"Normal"
"YRB2","YRB2",2293.59118491315,-0.42498194569981,0.0840234723339281,-5.0578955367476,4.23908527789742e-07,9.85367244185332e-07,"Normal"
"PXA1","PXA1",935.119831006929,0.595580279811419,0.117837877913941,5.0542346005788,4.32120185624705e-07,1.0036672953874e-06,"Normal"
"MNR2","MNR2",3377.71424815184,0.414384050606194,0.0820262661528366,5.05184582989657,4.37560822924077e-07,1.01581846086388e-06,"Normal"
"RNY1","RNY1",6115.20820925672,0.387196381321893,0.0767176105216264,5.0470339038094,4.48721747407742e-07,1.0412316001214e-06,"Normal"
"TYR1","TYR1",1040.72669032183,0.456846941171227,0.0905251794466816,5.04662839624974,4.49674739456955e-07,1.04294489690756e-06,"Normal"
"CUE2","CUE2",233.733413602623,0.876205230667947,0.173663885585229,5.04540842049703,4.52553617981831e-07,1.04912119741112e-06,"Normal"
"MON2","MON2",1373.38229396984,-0.521052101056421,0.103432565141947,-5.03760203898402,4.71400269378001e-07,1.09229084831078e-06,"Normal"
"YPT1","YPT1",9051.86124781464,-0.402525670689926,0.0799137876370704,-5.03699902847807,4.72887180032757e-07,1.09521392172506e-06,"Normal"
"FIM1_35","FIM1_35",271.874349089088,-0.819159012661118,0.162726480717753,-5.03396256741973,4.80443526793394e-07,1.11218441957556e-06,"Normal"
"SPG4","SPG4",21400.4459912126,0.674769153868973,0.134059216708598,5.03336637670877,4.81940785457518e-07,1.11511917930385e-06,"Normal"
"LRP1","LRP1",653.085621474935,0.563675593734563,0.112004717876949,5.03260580821095,4.8385739198068e-07,1.11902097459977e-06,"Normal"
"TSC13","TSC13",3526.66678895805,-0.392075468385081,0.0779341527292803,-5.03085559609576,4.8829582934252e-07,1.128748541758e-06,"Normal"
"UBP11","UBP11",1441.75637323539,0.462384837005322,0.0919700250306732,5.02756019530397,4.96759576189882e-07,1.14776737075922e-06,"Normal"
"PRP45","PRP45",899.628456227815,0.464770775773829,0.0924597265279417,5.02673751293622,4.98894480853931e-07,1.1521522255082e-06,"Normal"
"CFT2","CFT2",836.418571378725,0.55759957633349,0.110959026794085,5.02527457606732,5.02712756649718e-07,1.16041866249928e-06,"Normal"
"COA4","COA4",964.573280710261,0.520360316264478,0.10357796943475,5.02385129872898,5.06454557824169e-07,1.16850080554019e-06,"Normal"
"OST2","OST2",299.86188658606,-0.69371027097097,0.138090309937913,-5.02359847901616,5.07122024875309e-07,1.16948548593694e-06,"Normal"
"TPD3","TPD3",7098.58868303509,-0.430646041251828,0.0857464854644404,-5.02231711211556,5.10518016336855e-07,1.17675855852978e-06,"Normal"
"FIN1","FIN1",215.787155417116,-0.768900298231723,0.153131540572794,-5.02117522853637,5.1356280770572e-07,1.18321559157994e-06,"Normal"
"PUB1","PUB1",6577.23438323899,-0.466442891521356,0.0929150075351534,-5.02010282187065,5.1643828189959e-07,1.1892765932465e-06,"Normal"
"GPH1","GPH1",92404.6864995691,-0.37423423340529,0.0746342461683357,-5.01424282575608,5.32427124783577e-07,1.22551558471028e-06,"Normal"
"MRPS28","MRPS28",3745.12376721041,-0.466667241362774,0.0931363382396703,-5.01058180064892,5.42657254615049e-07,1.24847140159778e-06,"Normal"
"tRNA-Tyr","tRNA-Tyr",8.48304465843716,6.56585133819912,1.31183788928743,5.00507828887728,5.58393317957875e-07,1.28406679221832e-06,"Up"
"FIM1_3115","FIM1_3115",1880.81304729443,0.43252386544524,0.0864386501871997,5.00382484581291,5.62038284734599e-07,1.29183728738194e-06,"Normal"
"MRX4","MRX4",427.761462192218,-0.666779774003579,0.133267752999045,-5.00330919519862,5.63544427858008e-07,1.29468670210972e-06,"Normal"
"BRR2","BRR2",1815.0040704822,0.604002799709977,0.12094125445311,4.99418335324242,5.90852448308544e-07,1.35678263059131e-06,"Normal"
"POM34","POM34",1986.66270921198,0.407967126071116,0.0817853417513136,4.98826705782597,6.09233126825477e-07,1.39832960002125e-06,"Normal"
"CRD1","CRD1",712.026123552096,-0.505991953378765,0.101444901963,-4.98784999135112,6.10549454504673e-07,1.40068923486223e-06,"Normal"
"CHS2","CHS2",1583.37914867593,0.514609258618147,0.103242367886402,4.98447748878032,6.21294783666623e-07,1.4246679347976e-06,"Normal"
"FRQ1","FRQ1",5444.84897209116,0.381811856268749,0.0766030201418782,4.98429246734118,6.21889535445507e-07,1.42535908147628e-06,"Normal"
"SEC16","SEC16",4453.38099776988,-0.462827524624779,0.0928845668524599,-4.98282481480422,6.26626787303706e-07,1.43553963201731e-06,"Normal"
"MRPL49","MRPL49",2218.83127582071,-0.458456100866635,0.0920794719959704,-4.97891756901797,6.3940866238899e-07,1.4641313339058e-06,"Normal"
"FIM1_3160","FIM1_3160",291.305959245976,-0.697905557701556,0.140210131594837,-4.97756866613806,6.43879430899082e-07,1.47367411904788e-06,"Normal"
"RAD2","RAD2",1599.53606961769,0.447530323650046,0.0899501570760513,4.97531453193202,6.5141779124407e-07,1.49022554032718e-06,"Normal"
"AGX1","AGX1",20134.1469670754,0.344701041335415,0.0692891062159369,4.97482303006142,6.53072748569184e-07,1.49330846366949e-06,"Normal"
"PHO92","PHO92",183.385387687126,-0.803492069970916,0.161581938010644,-4.97266018630118,6.60403624081814e-07,1.50936086990289e-06,"Normal"
"STE4","STE4",935.547133599242,0.476195620435471,0.0957681588890378,4.97237939999678,6.61361134531097e-07,1.51083862373606e-06,"Normal"
"QCR7","QCR7",27521.118555724,0.350243244420014,0.070522615781326,4.96639610626519,6.82085673107365e-07,1.55731809611545e-06,"Normal"
"DED1","DED1",27347.4328129557,0.489776040770403,0.0986194808970565,4.96632142367138,6.82348266439553e-07,1.55731809611545e-06,"Normal"
"FIM1_893","FIM1_893",297.846625730208,-0.686872010665918,0.138457509548885,-4.96088664965772,7.01721331822858e-07,1.60078119780623e-06,"Normal"
"PMR1","PMR1",2206.12221954682,-0.46986600413561,0.0947430184162064,-4.95937338698127,7.07209225907551e-07,1.61254323260666e-06,"Normal"
"YEN1","YEN1",750.108053937197,0.524441463460792,0.105913470065904,4.95160306932122,7.36046180904544e-07,1.67750862711781e-06,"Normal"
"COQ1","COQ1",1943.76492151483,0.483584810263083,0.0976698374712501,4.95121956566612,7.37498375904126e-07,1.68003028997569e-06,"Normal"
"RIP1","RIP1",30879.0814890405,0.576509701632117,0.116474938311589,4.94964590657143,7.43486229607441e-07,1.69287703358133e-06,"Normal"
"NGL1","NGL1",1316.93346387696,0.680398153423152,0.137592407563703,4.94502687663299,7.61333598602428e-07,1.73270255532047e-06,"Normal"
"RCL1","RCL1",347.014144267239,0.700894446305969,0.141826647755182,4.94190941829095,7.73611586650913e-07,1.75899798761665e-06,"Normal"
"NAM8","NAM8",9806.06259220696,0.7456296355239,0.150876142173731,4.94199828270611,7.7325897156079e-07,1.75899798761665e-06,"Normal"
"TRS33","TRS33",985.976962124275,-0.513944591487688,0.104009341682311,-4.94133106867934,7.75910272265165e-07,1.7633994447785e-06,"Normal"
"YPR117W","YPR117W",3378.67824708742,0.581740058595064,0.11775316978356,4.94033459705884,7.79886251292072e-07,1.77160696354754e-06,"Normal"
"AMN1","AMN1",616.867897907182,0.620088773148198,0.125581044654125,4.93775772335743,7.9025933257236e-07,1.7943318210136e-06,"Normal"
"PDA1","PDA1",13871.3800274504,-0.418663904169486,0.0847939367953544,-4.93742736794859,7.91598734284254e-07,1.7965335123247e-06,"Normal"
"RFC1","RFC1",2288.45659511943,-0.523608782570717,0.1060794268976,-4.93600689487288,7.97382894130751e-07,1.80881581819856e-06,"Normal"
"RAM2","RAM2",790.440501393165,-0.593248765576628,0.120203105250567,-4.93538635578492,7.999224832642e-07,1.81372997955238e-06,"Normal"
"CHS6","CHS6",2045.39143580139,-0.421550778084307,0.0855521823971401,-4.92741115740841,8.33262910023285e-07,1.88844425363952e-06,"Normal"
"MET5","MET5",2692.05930295057,-0.377630174908497,0.0766877071607414,-4.9242595572321,8.46803775234654e-07,1.9182375495875e-06,"Normal"
"URA4","URA4",4527.86015247124,-0.547734958174923,0.111321999315076,-4.92027597011318,8.64222700867042e-07,1.95678383201909e-06,"Normal"
"YMR196W","YMR196W",12559.3157212268,0.389505716795946,0.0791861428246264,4.91886210013518,8.70487659604586e-07,1.97005101910512e-06,"Normal"
"STP2","STP2",13373.8310016331,0.461332917883137,0.0937970805778269,4.91841446494012,8.72480261852409e-07,1.97272293733869e-06,"Normal"
"MRL1","MRL1",2440.889987161,0.456545032070661,0.0928227018463902,4.91846308057467,8.72263641909075e-07,1.97272293733869e-06,"Normal"
"ARG82","ARG82",544.444910971048,0.531274151366233,0.108171822745916,4.91139132058578,9.04324058780194e-07,2.04377237284324e-06,"Normal"
"INA22","INA22",1464.19240289401,-0.417132034039956,0.0849766360235375,-4.90878497384169,9.16423901635537e-07,2.0701551548336e-06,"Normal"
"VPS64","VPS64",1360.80411745514,-0.43873021377947,0.0894096418169188,-4.906967580497,9.24953146690536e-07,2.08845136606381e-06,"Normal"
"FTH1","FTH1",3597.58409415737,-0.374865801072182,0.0764276413136814,-4.90484587289071,9.35007285441508e-07,2.11017203899688e-06,"Normal"
"PIB2","PIB2",9184.34840521539,0.523228667761491,0.106737494614393,4.90201376425163,9.48591880711928e-07,2.13983655913615e-06,"Normal"
"POP2","POP2",1037.27080368223,-0.449298241330544,0.0916656994111984,-4.90148707986245,9.51139061258726e-07,2.14458686712582e-06,"Normal"
"SEC11","SEC11",529.655230304923,-0.551287243773599,0.112477398130539,-4.90131575708912,9.51969040459866e-07,2.14546269368947e-06,"Normal"
"SAM50","SAM50",1221.62906789751,-0.532931907822503,0.108758948568732,-4.90012008056248,9.57780981916011e-07,2.1575604038618e-06,"Normal"
"MCH2","MCH2",3753.2113054658,-0.388521821444783,0.079290043905894,-4.9000076466839,9.58329253955695e-07,2.15779510888356e-06,"Normal"
"FIM1_2962","FIM1_2962",449.763254998675,-0.579015520713653,0.118198405693428,-4.89867454063171,9.64853079408441e-07,2.17147805134118e-06,"Normal"
"RAD9","RAD9",370.167521765955,0.727516082190356,0.148588672964172,4.89617457156897,9.77202632880681e-07,2.1982535153552e-06,"Normal"
"SNF8","SNF8",699.003091230731,-0.520666404733319,0.106438767705413,-4.89169891720606,9.99692896762487e-07,2.24780554621422e-06,"Normal"
"FKS3","FKS3",1791.97967755404,-0.403337978362475,0.0824605805369694,-4.89128230405372,1.00181155290829e-06,2.25152744476475e-06,"Normal"
"LTE1","LTE1",1855.66858937584,0.405386862450273,0.0829642822972298,4.88628179772501,1.02758094067725e-06,2.30837530779046e-06,"Normal"
"MSH3","MSH3",270.804458390818,0.676899100620183,0.138590617846908,4.88416251501172,1.0386938053245e-06,2.33226118302761e-06,"Normal"
"NAM9","NAM9",6165.64933571617,-0.448904066508429,0.0919552132691745,-4.88176853219167,1.05138625037801e-06,2.35967011112553e-06,"Normal"
"GLC7","GLC7",12019.3183373906,0.466514224210447,0.0955714128870762,4.88131555365477,1.05380459316677e-06,2.36400577940782e-06,"Normal"
"SUR2","SUR2",4987.65094163758,0.432028808377937,0.088583595834202,4.87707463565316,1.07670703799776e-06,2.41426834223864e-06,"Normal"
"AIM6","AIM6",1536.26163959822,0.461157098561369,0.0945757578887621,4.87606030187748,1.08225536844153e-06,2.42558986866116e-06,"Normal"
"ERG12","ERG12",2107.77377437869,-0.463103549843169,0.0950626350509717,-4.87156230831238,1.10719233967898e-06,2.48033544421401e-06,"Normal"
"ISM1","ISM1",3717.56278037401,0.510349446476108,0.104765410565499,4.87135442624968,1.10835810939331e-06,2.48180278965073e-06,"Normal"
"AFT1","AFT1",6902.77162029895,0.413013606348805,0.0848148841051035,4.86958876035242,1.11830742021255e-06,2.50292757015789e-06,"Normal"
"HAT2","HAT2",281.502394850718,-0.789061711686034,0.162058446202094,-4.86899467555082,1.12167429656403e-06,2.50930727762644e-06,"Normal"
"SLY41","SLY41",1436.8149292344,0.475280542106764,0.0976278004724094,4.86829099710264,1.12567489661646e-06,2.51709816965456e-06,"Normal"
"YNR029C","YNR029C",3471.24299386654,-0.401014564270205,0.0824213071119536,-4.86542349693027,1.1421198373628e-06,2.55269562545808e-06,"Normal"
"FIM1_4079","FIM1_4079",35.7772308919086,1.74975445766964,0.359895343569931,4.86184244651014,1.16298173967157e-06,2.59812794163869e-06,"Up"
"DAL2","DAL2",3276.45942793172,0.385038983084886,0.0792455252742094,4.85881040920045,1.18093148902713e-06,2.6370156733377e-06,"Normal"
"CIR1","CIR1",1524.57646015185,-0.654530202818048,0.134721799853961,-4.85838374730414,1.18347863422317e-06,2.64148951938005e-06,"Normal"
"YDR381C-A","YDR381C-A",3502.34603109308,0.393643455455729,0.0810346811770765,4.85771585372862,1.18747653435817e-06,2.64919581287711e-06,"Normal"
"FIM1_3294","FIM1_3294",1061.9623800731,-0.460890125322756,0.0949055237479946,-4.85630453446073,1.19596723893007e-06,2.66691363651271e-06,"Normal"
"SOV1","SOV1",1300.75101500822,0.432253849092682,0.0890431399440678,4.85443178850387,1.20732417077043e-06,2.69100373659335e-06,"Normal"
"YPT11","YPT11",483.731795731808,-0.641840407616071,0.132296353615928,-4.85153513360927,1.22509502014829e-06,2.72936116593331e-06,"Normal"
"YGR042W","YGR042W",541.071900466802,0.605551552667033,0.124821039334395,4.85135803944688,1.22618960870657e-06,2.73054780417289e-06,"Normal"
"BUD16","BUD16",634.034071763857,0.525140508113402,0.108323786573252,4.84787805823503,1.24789064149186e-06,2.77759992075535e-06,"Normal"
"YJR098C","YJR098C",1535.83791113516,0.423699632453743,0.0874310815235968,4.84609849346757,1.25913024222619e-06,2.80133417901879e-06,"Normal"
"CAF130","CAF130",622.007800891978,0.511545444615636,0.105730594549836,4.83819699296705,1.3102224957486e-06,2.91367098711325e-06,"Normal"
"ENV9","ENV9",1104.21237123209,-0.456473977639094,0.09436785456214,-4.83717659744518,1.31696413920646e-06,2.92732330851061e-06,"Normal"
"RRS1","RRS1",697.465705448462,-0.533578156113148,0.110379998575517,-4.83401126109002,1.33809011890649e-06,2.97292175938117e-06,"Normal"
"FIM1_2138","FIM1_2138",1380.56646301467,0.454441365985359,0.0940366299607979,4.83259944741541,1.34761755751897e-06,2.9927210749473e-06,"Normal"
"FIM1_3376","FIM1_3376",18.4439410400854,2.61791528341579,0.54185908838108,4.83135807731375,1.35604865499598e-06,3.01006871385358e-06,"Up"
"ECM5","ECM5",1055.95054619921,0.524982552040225,0.108674879187298,4.83076269296269,1.3601103452229e-06,3.01770601252881e-06,"Normal"
"YRR1","YRR1",3272.59276699062,0.436984398660899,0.0904609323309005,4.83064221649228,1.36093365339748e-06,3.01815455128177e-06,"Normal"
"YJU3","YJU3",6104.42801717671,-0.470809871188272,0.0974707682140288,-4.83026736954054,1.36349833699542e-06,3.0210845505977e-06,"Normal"
"TRM3","TRM3",1494.04034420442,0.437796878896193,0.0906349539359141,4.83033156507973,1.3630587848037e-06,3.0210845505977e-06,"Normal"
"MUP1","MUP1",2002.2136564426,-0.517516605600416,0.107150599573389,-4.82980597085655,1.36666158547738e-06,3.0267131466885e-06,"Normal"
"GIS3","GIS3",6234.43326916486,0.432387451885394,0.089535572265105,4.82922531175813,1.37065248803439e-06,3.03416876508387e-06,"Normal"
"SNF1","SNF1",7368.27326674041,0.337216654956058,0.0699106322331653,4.82353891224121,1.41033237247781e-06,3.12058515385687e-06,"Normal"
"FIM1_5090","FIM1_5090",1558.00468659763,-0.473436252466173,0.0982066004551408,-4.82081907195668,1.4296998280237e-06,3.1619988458658e-06,"Normal"
"YPR148C","YPR148C",4302.91298801271,-0.347762143096508,0.0721409027491303,-4.8205959427185,1.4312999897192e-06,3.16409765698161e-06,"Normal"
"TEL1","TEL1",2612.88879461628,-0.578102904228376,0.11993897067308,-4.8199755340916,1.43575827987596e-06,3.17250999632438e-06,"Normal"
"KYE1","KYE1",47551.4348296584,0.452715172907052,0.093959609715118,4.818189158934,1.44866997299398e-06,3.19958518126261e-06,"Normal"
"YIL024C","YIL024C",5694.12919233501,-0.345968560896454,0.0718368599794704,-4.81603122680091,1.46441616605849e-06,3.23289329889968e-06,"Normal"
"INO80","INO80",5101.32636395308,0.441773613399081,0.0917490627006144,4.8150204524773,1.47184814589125e-06,3.24782476879455e-06,"Normal"
"GSY2","GSY2",34248.4308344227,0.435828413058467,0.0906935828065474,4.80550442017606,1.54361827561248e-06,3.40464875224742e-06,"Normal"
"YAT1","YAT1",54361.8604391955,0.651967260168178,0.135806823342451,4.80069590114904,1.58115215715636e-06,3.48585223757838e-06,"Normal"
"FIM1_2366","FIM1_2366",667.207908139781,-0.514141851871387,0.107111017392433,-4.80008372983401,1.5859930794062e-06,3.49493894459625e-06,"Normal"
"KTR3","KTR3",1564.98958126347,-0.478947968417197,0.100010485454589,-4.78897753810693,1.67633241470966e-06,3.69233871399557e-06,"Normal"
"SHS1","SHS1",1177.39715110963,-0.429135429315963,0.089623335330769,-4.78821087981352,1.68274773166893e-06,3.70478986324392e-06,"Normal"
"MET28","MET28",806.588082068082,-0.524452190408002,0.109543834298085,-4.78760118055472,1.68786647008819e-06,3.71437643938339e-06,"Normal"
"THI72","THI72",42974.3032547934,-0.3809870334696,0.0795909655089473,-4.78681256136755,1.69450953362707e-06,3.7273072991824e-06,"Normal"
"MME1","MME1",2346.8411289317,0.404489934615312,0.0845213857410641,4.78565195150123,1.70433184474214e-06,3.7472164857928e-06,"Normal"
"AEP3","AEP3",480.975950532509,0.573537376027131,0.119959369552547,4.78109695112976,1.74341252221677e-06,3.83140725710145e-06,"Normal"
"DNM1","DNM1",6204.80747665696,0.455322676999079,0.0952628840575495,4.77964405028944,1.75605815856247e-06,3.85571016378448e-06,"Normal"
"SAM35","SAM35",1019.91472718953,-0.531335990416103,0.111165016621681,-4.77970504177908,1.75552553806082e-06,3.85571016378448e-06,"Normal"
"DIP2","DIP2",1243.08508839669,-0.458621566748347,0.0959683172554539,-4.77888515568698,1.7626983598793e-06,3.86854170309555e-06,"Normal"
"PMT2","PMT2",7663.21613089239,-0.381397514194281,0.0798381934852441,-4.77713106402855,1.77813883636097e-06,3.90066663922255e-06,"Normal"
"DUS3","DUS3",503.177113439727,-0.669975309607748,0.140335159806992,-4.77410871608505,1.80504859059852e-06,3.95791114698475e-06,"Normal"
"DXO1","DXO1",977.766342449187,0.471558664372762,0.0990028622750279,4.7630811224708,1.90659147809219e-06,4.1786774885205e-06,"Normal"
"QCR9","QCR9",24200.5909812881,0.373728232076229,0.078502401185257,4.76072357575753,1.92900106342336e-06,4.2258864595014e-06,"Normal"
"TDA4","TDA4",1822.3808616842,0.451063608444402,0.0947552380741896,4.76030262402208,1.93302894181496e-06,4.23280199561914e-06,"Normal"
"YML119W","YML119W",999.831447832331,-0.575868432545432,0.120993197745034,-4.75951080951629,1.94062732640267e-06,4.24691676337646e-06,"Normal"
"FIM1_5092","FIM1_5092",30.97499109236,-2.39876191272664,0.503999933187693,-4.75944887046905,1.94122291242213e-06,4.24691676337646e-06,"Down"
"SMC4","SMC4",1731.28507891092,0.451422266191908,0.0949387779990548,4.75487757169575,1.98566711123117e-06,4.34219464152668e-06,"Normal"
"CSF1","CSF1",3033.53016845722,-0.65496861757893,0.137775611764566,-4.75387921846542,1.99550277572389e-06,4.36173998526422e-06,"Normal"
"CNS1","CNS1",350.175987740566,0.579552733113214,0.121969510161389,4.75161974780708,2.01793594279884e-06,4.40879080308433e-06,"Normal"
"YPL162C","YPL162C",804.501447363673,-0.554663688594128,0.11675617776539,-4.75061533539298,2.02798585474651e-06,4.42875652503968e-06,"Normal"
"TPA1","TPA1",1698.72267200694,0.652393247256671,0.137427472145464,4.74718218324011,2.06270144631107e-06,4.50254552004739e-06,"Normal"
"PET18","PET18",308.598967164482,-0.600639320347866,0.126596627256685,-4.74451281494271,2.090087481116e-06,4.56027618802992e-06,"Normal"
"CCA1","CCA1",662.437192754797,0.606143223872541,0.127762089747865,4.74431206525151,2.09216110568622e-06,4.5621004495485e-06,"Normal"
"REV7","REV7",464.372770780652,0.527854856189744,0.111262020977883,4.74425011832808,2.09280137930512e-06,4.5621004495485e-06,"Normal"
"YKL162C","YKL162C",2865.89064068633,0.428368639040001,0.0903643530452704,4.74046042055321,2.13233105160567e-06,4.64618680706366e-06,"Normal"
"BBC1","BBC1",10124.8292136124,-0.368316871504032,0.0777593204337182,-4.73662667638646,2.17304931720895e-06,4.73278647795531e-06,"Normal"
"tRNA-Met","tRNA-Met",19.2026678645151,2.40328982926656,0.507455702604271,4.7359598422736,2.18020758993773e-06,4.74624940838146e-06,"Up"
"mcfL","mcfL",594.004333197066,0.494040292604048,0.10433327126535,4.73521328922546,2.1882484901207e-06,4.76162087483048e-06,"Normal"
"RRI2","RRI2",910.657816681997,-0.582743826278797,0.123134197395969,-4.73259125898907,2.21671587053888e-06,4.8192494026615e-06,"Normal"
"ARP8","ARP8",1787.23420764524,0.511706574129565,0.108122224103698,4.73266785225207,2.21587927805265e-06,4.8192494026615e-06,"Normal"
"YDL121C","YDL121C",812.36321295176,-0.48166025223661,0.101815397167205,-4.73072114471657,2.23723662225817e-06,4.86168727529179e-06,"Normal"
"SPC72","SPC72",259.046079332672,0.652910352390139,0.138034266381319,4.73005993009358,2.24453568157472e-06,4.87536829538292e-06,"Normal"
"MSD1","MSD1",5870.98190000884,0.385079226977419,0.0814215594092869,4.72945040319994,2.25128441847169e-06,4.88784226512686e-06,"Normal"
"KU70","KU70",911.342055785567,-0.504846633700251,0.106749439976803,-4.7292672805586,2.25331577239524e-06,4.89006759181263e-06,"Normal"
"YPS1","YPS1",17033.6183255392,0.377079411798915,0.0797952522824073,4.72558706205195,2.29451500170997e-06,4.97725374701284e-06,"Normal"
"GET2","GET2",2733.43050847975,-0.383564038148082,0.0813437275470393,-4.71534867794539,2.41297170361214e-06,5.23187394370879e-06,"Normal"
"GLY1","GLY1",19721.7372654833,0.566604835486629,0.12041380191018,4.70548082112113,2.53268315820256e-06,5.48898638077888e-06,"Normal"
"ZRC1","ZRC1",5734.98689213933,-0.363581571284144,0.0772877376232507,-4.70425946553735,2.5478905309945e-06,5.51948287565862e-06,"Normal"
"ENT3","ENT3",3273.67463854186,-0.354067494166134,0.0753277868422804,-4.70035705293549,2.5970699929621e-06,5.62351296604406e-06,"Normal"
"RKM3","RKM3",879.486707320483,0.471810780414049,0.100417955622952,4.69847028339829,2.62117317936306e-06,5.67317615969939e-06,"Normal"
"NPL4","NPL4",3701.9909046934,-0.368045719107724,0.0783697997930695,-4.69626973757143,2.64955606600741e-06,5.73205384004008e-06,"Normal"
"FIM1_4287","FIM1_4287",30.5913420906103,1.80676680170294,0.384820631546089,4.69508818808365,2.66491729398675e-06,5.76272057475817e-06,"Up"
"CPR7","CPR7",190.909921075472,0.963574531820264,0.205307286538719,4.69332846420209,2.68795386336234e-06,5.80995009878897e-06,"Normal"
"CYS3","CYS3",1494.05614633044,-0.597782923742502,0.127501956065337,-4.68842159124345,2.75320365685586e-06,5.94569625273893e-06,"Normal"
"FIM1_1783","FIM1_1783",2543.44106813605,-0.416078875050852,0.0887459367720489,-4.68842732619505,2.75312651572876e-06,5.94569625273893e-06,"Normal"
"YPL150W","YPL150W",2184.85500288917,0.380011151245306,0.0810589405335716,4.68808435866392,2.75774343837084e-06,5.95285445004173e-06,"Normal"
"TRR1","TRR1",10299.7548440119,0.41368079783736,0.0883304887688259,4.6833296589134,2.82252023152345e-06,6.08997593471245e-06,"Normal"
"HAA1","HAA1",14426.913491826,-0.335859022412613,0.071744124252399,-4.68134534935636,2.84998355465814e-06,6.1465024820612e-06,"Normal"
"MPP10","MPP10",468.830197469346,-0.533519533627844,0.113994943500298,-4.68020350066186,2.86590304781644e-06,6.17809357113579e-06,"Normal"
"CDC12","CDC12",2389.57337377473,-0.478139118226518,0.102218063326878,-4.67763820468309,2.90197979821015e-06,6.25309083791713e-06,"Normal"
"RNA14","RNA14",781.566393079231,0.448285052525898,0.0958470199695169,4.67708910165877,2.90975846452492e-06,6.26707286308803e-06,"Normal"
"GUT1","GUT1",83775.9495099538,0.410350455414947,0.0877541302583733,4.67613836758176,2.92327401757113e-06,6.29339319954724e-06,"Normal"
"SHE9","SHE9",1084.86320497365,-0.499022832067822,0.106736108611108,-4.67529534813759,2.93530867371946e-06,6.31650347458053e-06,"Normal"
"RMD5","RMD5",3615.38467559591,0.359218288050564,0.0768368921007491,4.67507571206231,2.9384519198681e-06,6.32046829510362e-06,"Normal"
"MMS21","MMS21",385.288483575458,0.607740218487002,0.130003129350022,4.67481222587123,2.9422269727498e-06,6.32578799141207e-06,"Normal"
"CLF1","CLF1",960.036165873788,-0.445625643136558,0.0953293095266353,-4.67459216215186,2.94538346323661e-06,6.32977366115289e-06,"Normal"
"MND1","MND1",303.856899908399,1.64814133739707,0.352592284803458,4.67435451208406,2.9487958527196e-06,6.33430550325577e-06,"Up"
"FIM1_269","FIM1_269",372.869105374745,-0.583595784882814,0.124921106220314,-4.67171483298884,2.98695464069951e-06,6.41343906281879e-06,"Normal"
"YJR096W","YJR096W",7696.45978684633,0.512752452147921,0.109810257975738,4.66944037469808,3.02021339518144e-06,6.48198625759127e-06,"Normal"
"DPB3","DPB3",1826.69595096782,0.419375026311303,0.0898166352625718,4.66923554957602,3.02322587021853e-06,6.48558697721493e-06,"Normal"
"ADE8","ADE8",655.592450080371,-0.513655603227338,0.110020206224034,-4.66873877859654,3.03054413087875e-06,6.49555091836782e-06,"Normal"
"PAF1","PAF1",1284.9029943212,0.417382670638484,0.0893989556168175,4.66876450355274,3.0301647427218e-06,6.49555091836782e-06,"Normal"
"CAT2","CAT2",14167.4795597245,-1.84683831667787,0.395789895443523,-4.66620885964838,3.06807846491205e-06,6.57310108510037e-06,"Down"
"ARA2","ARA2",497.173620397777,-0.562239683904095,0.120525633743487,-4.66489713798729,3.08771454748266e-06,6.61225429097322e-06,"Normal"
"MFB1","MFB1",1301.30738607889,0.472872316440156,0.101387819235587,4.66399533992716,3.10128406457096e-06,6.63838734350234e-06,"Normal"
"NOP6","NOP6",965.188111003529,0.494437698772046,0.106052023758943,4.66221842117699,3.12818927246403e-06,6.69303023993956e-06,"Normal"
"MAK21","MAK21",2997.27079938514,-0.399741273764681,0.0857650635385948,-4.66088704737908,3.14849484035993e-06,6.73351075233666e-06,"Normal"
"ARG2","ARG2",1189.63393016669,-0.61609517740649,0.132247276173636,-4.65866061844313,3.18273421627924e-06,6.80374199599684e-06,"Normal"
"CSC1","CSC1",2426.170913856,0.41503935807746,0.0892858645907046,4.64843298522159,3.34466249427025e-06,7.14675244488089e-06,"Normal"
"SKG3","SKG3",2009.83238903023,0.375268960038868,0.0807533188406606,4.64710262595318,3.36629716100628e-06,7.18981885948549e-06,"Normal"
"RAG1","RAG1",2139.76746834465,0.505152618073091,0.108709327934883,4.64681943738698,3.37091974367286e-06,7.19652857403621e-06,"Normal"
"TFG1","TFG1",5867.98467934453,-0.366545512915959,0.0788874191066727,-4.64643814015909,3.37715340402926e-06,7.20667035141772e-06,"Normal"
"FIM1_2078","FIM1_2078",471.487160523441,0.559250134395594,0.12036343039652,4.64634592544617,3.37866264094067e-06,7.20672597556221e-06,"Normal"
"RCN1","RCN1",820.438784637592,0.542239785903484,0.11684792909107,4.64055965836474,3.47466841532319e-06,7.40825530059473e-06,"Normal"
"NRP1","NRP1",307.726685300163,0.652777407301949,0.140737635667279,4.63825759333625,3.51358708582949e-06,7.48794721493222e-06,"Normal"
"PTA1","PTA1",1349.4518533998,0.438684411927477,0.0946310061449537,4.63573652863322,3.55668760644849e-06,7.57647745713864e-06,"Normal"
"GRX2","GRX2",19693.4478006965,0.419777086187912,0.0906127893451691,4.6326472148304,3.6101944301532e-06,7.68708796499317e-06,"Normal"
"MHP1","MHP1",19003.9532122684,0.463680934247908,0.100122887651782,4.63111826998586,3.636960370089e-06,7.74068788360159e-06,"Normal"
"ENV10","ENV10",1343.70924518625,-0.396274548796459,0.085599683599385,-4.62939268153213,3.66739730943129e-06,7.802050580791e-06,"Normal"
"BLS1","BLS1",116.600814107505,-0.875593818717626,0.189176604789888,-4.62844662895878,3.68418782609325e-06,7.83434076454578e-06,"Normal"
"SPA2","SPA2",595.743350491877,0.644842994495936,0.139428171517239,4.62491179134632,3.74757851155907e-06,7.96565353791143e-06,"Normal"
"POP6","POP6",158.95194007328,0.774777077310861,0.167710803097042,4.61972075145662,3.8425685717383e-06,8.16398805862544e-06,"Normal"
"MPD1","MPD1",1093.11459914452,0.437039760234874,0.0946675201832768,4.6165755624396,3.90124014705845e-06,8.28502005006862e-06,"Normal"
"TVP38","TVP38",686.312408003983,-0.465147422516639,0.100767639336006,-4.61603968874989,3.91132177349114e-06,8.30280144053887e-06,"Normal"
"YNR021W","YNR021W",1690.16674144859,-0.49089160136565,0.106350438256589,-4.61579293337081,3.91597248285943e-06,8.30904379659999e-06,"Normal"
"SWI4","SWI4",1723.24413772495,-0.502796952229722,0.108985817083174,-4.61341636633332,3.961036900502e-06,8.40099445636805e-06,"Normal"
"POL5","POL5",1487.83717894467,0.472638802657541,0.10246767031349,4.61256512626422,3.97729866989649e-06,8.4318037683364e-06,"Normal"
"ATG26","ATG26",25609.9472793811,0.493110928665173,0.10695032627406,4.61065380391247,4.01404530627159e-06,8.50599482912066e-06,"Normal"
"CPR3","CPR3",9811.07960104083,-0.381921354549711,0.082852340378914,-4.60966283876889,4.03322523285886e-06,8.54291255730654e-06,"Normal"
"PSK1","PSK1",7348.9115135211,0.589412749713186,0.127881583704451,4.60905106614401,4.0451097820595e-06,8.56435225752815e-06,"Normal"
"AIM44","AIM44",1103.60368495813,0.46449864412793,0.10081702608054,4.60734324534484,4.07846450309796e-06,8.63121037480532e-06,"Normal"
"EMP70","EMP70",4005.08531960349,-0.385633441250067,0.0837187591831426,-4.60629666532034,4.09903489604746e-06,8.67096672176517e-06,"Normal"
"ATO2","ATO2",1344.50377555857,0.515511920295149,0.111927171732154,4.60577992204419,4.10922804635771e-06,8.68874633474852e-06,"Normal"
"SAN1","SAN1",4842.44274936646,0.386052662451182,0.0838480257040814,4.60419502080644,4.14064314447023e-06,8.75136365331919e-06,"Normal"
"SHP1","SHP1",5195.77629265527,-0.359988591611981,0.0782182523432614,-4.60236045714967,4.17729432833035e-06,8.8249883223292e-06,"Normal"
"FIM1_3529","FIM1_3529",461.358563761444,-0.524378026695009,0.114004831596927,-4.59961230896766,4.23277945517501e-06,8.93832045749474e-06,"Normal"
"PCP1","PCP1",2477.23082903115,0.426858484871913,0.092805394592122,4.59950078061677,4.23504605890974e-06,8.93922189411053e-06,"Normal"
"YIP4","YIP4",1499.72687381486,-0.459321252461231,0.099869591891994,-4.59921026770564,4.24095564857372e-06,8.9478087261918e-06,"Normal"
"OTU1","OTU1",1896.54638119497,-0.364019593451436,0.0791617415116,-4.59842831272344,4.25690139607005e-06,8.97755376888211e-06,"Normal"
"PNT1","PNT1",743.695236236058,-0.44316039719593,0.0964968307584478,-4.59248654813602,4.37995750972054e-06,9.23306444240004e-06,"Normal"
"SSE1","SSE1",12677.1469172746,0.371497378428856,0.0809962982788722,4.58659699668967,4.50529138796521e-06,9.49315301566477e-06,"Normal"
"FIM1_432","FIM1_432",121.116909530839,0.921084985207869,0.200874011625078,4.58538652041774,4.53147343946733e-06,9.54004741870527e-06,"Normal"
"HOC1","HOC1",2010.64862354969,0.361034021890844,0.0787348986228744,4.58543832792788,4.53034988701199e-06,9.54004741870527e-06,"Normal"
"RCF2","RCF2",90148.5078477885,0.394842282140076,0.0861323164393996,4.58413634350444,4.55866718184043e-06,9.59314154896607e-06,"Normal"
"COX15","COX15",13457.6439221179,0.355124835382971,0.0774943835243926,4.58258804357338,4.592562409093e-06,9.66028603713544e-06,"Normal"
"RNT1","RNT1",1988.17959909872,-0.41853052210902,0.0913729533193177,-4.58046398748213,4.63945502215546e-06,9.75470010932644e-06,"Normal"
"FIM1_1893","FIM1_1893",608.453743573986,0.461944321996438,0.100956625378952,4.5756711881214,4.74695617238297e-06,9.97641005259898e-06,"Normal"
"FIM1_4131","FIM1_4131",56.037557219412,-1.29589622142989,0.283841491550009,-4.56556303433027,4.98155475595601e-06,1.04649263117986e-05,"Down"
"RDH54","RDH54",458.043997574253,-0.550187383030519,0.1205452094847,-4.5641580066303,5.01502986232794e-06,1.05306958085789e-05,"Normal"
"PRS5","PRS5",6713.66236271753,-0.330798637015531,0.0724809390169749,-4.56393972680263,5.02024972341391e-06,1.05371029831828e-05,"Normal"
"NAM2","NAM2",5491.93346424085,-0.4248767693325,0.0931000965019389,-4.56365552020294,5.02705393013466e-06,1.05468286038533e-05,"Normal"
"INO2","INO2",1441.0668527724,-0.436914393323587,0.0957401226927393,-4.56354536671929,5.02969349513715e-06,1.05478121246747e-05,"Normal"
"MDM34","MDM34",5893.42042210203,0.416305892931238,0.0912604107613235,4.56173590999955,5.07324323617092e-06,1.06299650213689e-05,"Normal"
"RPC19","RPC19",765.057703955761,-0.504385202503491,0.110567129066679,-4.56180066138204,5.07167859887838e-06,1.06299650213689e-05,"Normal"
"TIF4632","TIF4632",5911.37802286228,0.394347648654533,0.0864917604061757,4.55936665877338,5.13081221117293e-06,1.07413255209346e-05,"Normal"
"BNS1","BNS1",2147.92449420359,0.387392516116636,0.0849653309227796,4.55941867005398,5.12954173238959e-06,1.07413255209346e-05,"Normal"
"BPT1","BPT1",1843.80752649521,0.450405561787933,0.0988360906433665,4.55709608561053,5.18657011242627e-06,1.08533781982253e-05,"Normal"
"KRE9","KRE9",6496.00378787169,0.454363190822566,0.0997396112630574,4.55549390125665,5.22626320589648e-06,1.09317317767761e-05,"Normal"
"FIM1_3358","FIM1_3358",175.691595154821,-1.01269775298829,0.222647608529632,-4.54843310321707,5.4046817905471e-06,1.13000640362601e-05,"Down"
"str3","str3",1684.7331174356,0.410306499232885,0.0902342704790915,4.54712491223563,5.43837239200239e-06,1.13656135280601e-05,"Normal"
"YCT1","YCT1",4605.72702804697,0.425033041185828,0.0934752783324258,4.54701016962243,5.44133699699488e-06,1.13669202357688e-05,"Normal"
"GUD1","GUD1",4701.43004236335,0.364274407287152,0.0801342167322637,4.54580355485633,5.47260612999317e-06,1.14273283995001e-05,"Normal"
"MAP1","MAP1",1514.83449410264,0.416418705793274,0.0916141675862294,4.54535271961437,5.48433350376335e-06,1.14468971197535e-05,"Normal"
"YDL157C","YDL157C",541.533588145642,-0.475137092132896,0.104536769476717,-4.54516716473358,5.48916724463352e-06,1.14520668276832e-05,"Normal"
"COG3","COG3",1460.63326723614,-0.471380890328526,0.103725403278293,-4.54450766572409,5.50638035264674e-06,1.14830481259702e-05,"Normal"
"TFB3","TFB3",1012.87144465043,0.494899990460829,0.109020089444986,4.53953021851599,5.63797003108805e-06,1.17524222998957e-05,"Normal"
"CTR86","CTR86",283.961057636477,0.698013284587689,0.153786340016518,4.53885100921652,5.65615813802289e-06,1.17852797567124e-05,"Normal"
"tRNA-Cys","tRNA-Cys",18.0332387269099,2.52928002846033,0.557794701397905,4.53442820830249,5.77597433554902e-06,1.20297725231173e-05,"Up"
"EST2","EST2",579.594088579106,-0.508390437824453,0.112209119130338,-4.53074083251579,5.87772080206049e-06,1.22364376080599e-05,"Normal"
"SEF1","SEF1",12400.0724687297,0.352760959186238,0.0779526299233876,4.52532466874991,6.03028576939821e-06,1.25486760400454e-05,"Normal"
"MDM1","MDM1",1588.8220246602,0.413636094476518,0.0914277875027023,4.52418357454283,6.06290845631367e-06,1.26111610399093e-05,"Normal"
"SNF4","SNF4",1301.03301806605,-0.388567909112791,0.0858955419866282,-4.5237261460354,6.07603322142036e-06,1.26330532404286e-05,"Normal"
"URE2","URE2",3218.04311936222,0.376009954760816,0.0831272948365999,4.52330315211055,6.08819416533529e-06,1.26529236310369e-05,"Normal"
"PGU1","PGU1",15023.4184485407,-1.37625929269498,0.304338614749984,-4.52213168488523,6.12199518250713e-06,1.2717731762207e-05,"Down"
"RRN7","RRN7",241.069324500993,0.709601221821047,0.15702939911702,4.5189068149732,6.21597434617471e-06,1.29074441658389e-05,"Normal"
"SUE1","SUE1",10168.4011697963,0.419398326945261,0.0928351141207302,4.51766910524655,6.25240899003896e-06,1.29775545846217e-05,"Normal"
"CCC2","CCC2",6577.66808736722,0.371674476717694,0.0822807744891364,4.51714849581012,6.26779522272924e-06,1.30039355197444e-05,"Normal"
"MRPL3","MRPL3",3530.94682264124,-0.371593611240988,0.0823939568672485,-4.5099619604347,6.48392513708627e-06,1.34466036026898e-05,"Normal"
"UBA4","UBA4",1153.69993166317,0.521774916870234,0.115847042818148,4.50399858448951,6.66866505523837e-06,1.38238240202232e-05,"Normal"
"TAF9","TAF9",1359.69274940831,-0.453640641293603,0.100742342525427,-4.50297888575605,6.70075433053183e-06,1.38844201671873e-05,"Normal"
"FYV10","FYV10",3746.73506262871,-0.39696023974936,0.0882408321229302,-4.49860036673664,6.84023018526694e-06,1.41673821271151e-05,"Normal"
"NPA3","NPA3",2405.71647486317,0.353931094176019,0.0786785760135371,4.49844305920233,6.84529246970698e-06,1.41718262080555e-05,"Normal"
"ERT1","ERT1",2899.50792866414,0.439226970556883,0.0976457755850148,4.49816664290276,6.85419645339638e-06,1.41842165958488e-05,"Normal"
"FUS1","FUS1",797.306285502654,0.53215858942085,0.118420326478421,4.49381119986881,6.99596595869216e-06,1.4471434054187e-05,"Normal"
"FIM1_3210","FIM1_3210",1958.48821402292,0.404075511327605,0.0899743450897474,4.4910080859666,7.08868595809397e-06,1.46569893916505e-05,"Normal"
"MRPL1","MRPL1",2295.47775006631,-0.457776654864104,0.10197727823999,-4.4890064018652,7.15561471713439e-06,1.47890820546814e-05,"Normal"
"SIZ1","SIZ1",789.005982326021,0.475014909617156,0.105836708960565,4.48818670083693,7.1831964757943e-06,1.48397753723999e-05,"Normal"
"DOC1","DOC1",942.839712465593,-0.407377919506082,0.090786967462044,-4.48718501007755,7.2170399829426e-06,1.49033562588687e-05,"Normal"
"BUR6","BUR6",4013.90424494911,0.39705340332608,0.0884988646919506,4.48653668844402,7.23902565656698e-06,1.4942406824664e-05,"Normal"
"YDL085C-A","YDL085C-A",2137.92413474778,0.401562768666066,0.0896083033191887,4.48131204131476,7.41855512084835e-06,1.53064795465827e-05,"Normal"
"BIO4","BIO4",239.915062077187,0.740761053361858,0.165330234369414,4.48049357812378,7.44706207002382e-06,1.53587752963692e-05,"Normal"
"NEO1","NEO1",2857.15621503883,-0.359661848470249,0.0802847905363634,-4.47982545719351,7.47041024495645e-06,1.5400391760816e-05,"Normal"
"MXR1","MXR1",1367.62836195098,0.466062142592829,0.104057580733737,4.47888697110295,7.50332485437045e-06,1.5461685948849e-05,"Normal"
"UTP8","UTP8",351.912614928502,-0.608296565882754,0.135858593887987,-4.47742427235987,7.55490130583006e-06,1.55613672933566e-05,"Normal"
"IMH1","IMH1",1496.15264631964,0.496899352787312,0.111054265550632,4.47438331453161,7.66321609433305e-06,1.57777826281205e-05,"Normal"
"YDL206W","YDL206W",3007.68482463782,0.405656730487587,0.0907382513793148,4.47062539029778,7.79912020051647e-06,1.60507941780218e-05,"Normal"
"COQ11","COQ11",1188.90353857584,-0.481355554329061,0.107706398189631,-4.46914540287171,7.853273386071e-06,1.61554002467904e-05,"Normal"
"MRX7","MRX7",756.852924103183,0.462333031600034,0.103478593012956,4.46790991390988,7.89875542535544e-06,1.6242087436226e-05,"Normal"
"YLR149C","YLR149C",9567.4119782712,0.39081929411693,0.0874893378779995,4.46705054119752,7.93053988362973e-06,1.63005470789158e-05,"Normal"
"AEP1","AEP1",714.965212247921,0.521114706810371,0.116680643393477,4.46616243838352,7.96351539807725e-06,1.63614043633223e-05,"Normal"
"SDH2","SDH2",30661.8231680684,0.421073289976192,0.094293061779787,4.46558083944257,7.98518131876863e-06,1.63989839509285e-05,"Normal"
"YNL122C","YNL122C",2001.34013240366,0.395726366207675,0.0886215553397213,4.46535117433563,7.99375239091768e-06,1.64096505565987e-05,"Normal"
"NUT2","NUT2",345.159667170919,0.660655570693545,0.148014269137928,4.46345865531322,8.06471656550785e-06,1.65483352161329e-05,"Normal"
"TRM13","TRM13",1356.00736197976,-0.456288569448654,0.102241409073017,-4.46285486072273,8.08748361171238e-06,1.65880468000466e-05,"Normal"
"ECM19","ECM19",2540.33796018295,0.407726793424397,0.0914368490264934,4.45910809225567,8.23014103577357e-06,1.687352544001e-05,"Normal"
"RSC2","RSC2",1415.92259432959,-0.393554274157362,0.0884120939445412,-4.45136243921821,8.53271854539262e-06,1.74864949017557e-05,"Normal"
"COX13","COX13",34955.7742335199,0.319813827702814,0.0719269064740143,4.44637262160519,8.73324113525303e-06,1.78898898297616e-05,"Normal"
"RIF1","RIF1",603.11299750418,0.481756799796867,0.108450808290768,4.44216882648978,8.90566393428566e-06,1.82354071035373e-05,"Normal"
"FIM1_4601","FIM1_4601",1385.71770573985,-0.452798046809037,0.101940472664544,-4.44178877116906,8.92141161404265e-06,1.82599574695169e-05,"Normal"
"SRS2","SRS2",755.009283028107,0.453571307547442,0.102133860283414,4.440949419603,8.95628466680702e-06,1.83236156614801e-05,"Normal"
"FRD1","FRD1",8772.63397274734,-0.436407508982553,0.0982987565068867,-4.43960355644965,9.01247408943578e-06,1.84308129632022e-05,"Normal"
"SMF3","SMF3",3153.03515777118,-0.343382063475049,0.0774548974716288,-4.43331635163326,9.27945525102736e-06,1.89688149199588e-05,"Normal"
"rplF","rplF",4456.12091634149,-0.367022721245252,0.0828312070538507,-4.43097154200157,9.38094702106861e-06,1.91682176515443e-05,"Normal"
"LSM2","LSM2",617.889049935064,0.463303833682429,0.104569765794036,4.43057159174446,9.39836383214736e-06,1.91957334427928e-05,"Normal"
"HIR3","HIR3",1726.94494532314,-0.390110433781151,0.0881535680526103,-4.42535046962968,9.62858334056845e-06,1.96576833831185e-05,"Normal"
"MSP1","MSP1",1893.92504932937,-0.403150250133515,0.0911245790162779,-4.42416584510639,9.68156277361156e-06,1.97575445262405e-05,"Normal"
"UTP9","UTP9",386.333992052242,-0.690862838178535,0.15616339672337,-4.4239742005762,9.69015973163099e-06,1.97667867909299e-05,"Normal"
"RIB2","RIB2",1041.77673093337,0.407570983241028,0.0921604095678612,4.42240854996329,9.76066670338118e-06,1.99022574535162e-05,"Normal"
"KRE33","KRE33",1727.44800440783,0.420605357336955,0.0951250549232367,4.42160435729968,9.79707267294372e-06,1.99681107876818e-05,"Normal"
"RFM1","RFM1",275.105609031378,0.603791926486937,0.136696712644666,4.41701863055371,1.00071607799017e-05,2.0387754393938e-05,"Normal"
"IME4","IME4",1103.90488578614,0.67139970166605,0.152047043688679,4.41573663898893,1.00666585922589e-05,2.05003747274878e-05,"Normal"
"RAP1","RAP1",1560.50426814034,0.429877695385219,0.0973795053184998,4.41445757995191,1.01263569136837e-05,2.06133088578087e-05,"Normal"
"FOL3","FOL3",470.733413679745,0.501459911725433,0.113608411373875,4.4139329620161,1.01509403881974e-05,2.06546982186982e-05,"Normal"
"RTC6","RTC6",1456.65015998542,-0.436376426180176,0.098882901717149,-4.41306250729186,1.01918554858003e-05,2.07292699060291e-05,"Normal"
"SCS3","SCS3",1067.83970483332,0.390963190769133,0.0886208343597249,4.41163969617073,1.0259073025312e-05,2.08572534853519e-05,"Normal"
"URC2","URC2",893.992516609363,0.418657410204254,0.0949359448836756,4.40989354155828,1.03421449232239e-05,2.10173493023608e-05,"Normal"
"TAD2","TAD2",112.070693703306,0.919675203650094,0.20858261407767,4.40916520160033,1.03769846255875e-05,2.10793345717933e-05,"Normal"
"VPS15","VPS15",1865.66376304445,-0.3933212059522,0.0892581211335888,-4.40655932431664,1.05025553251131e-05,2.13254978373274e-05,"Normal"
"FIM1_3963","FIM1_3963",7500.69530562136,0.372329455806254,0.0845612438529578,4.40307449182857,1.06727499265412e-05,2.16620266888319e-05,"Normal"
"FIM1_1056","FIM1_1056",451.009910863184,0.488620992182812,0.110978326024916,4.40285062574391,1.0683772798184e-05,2.16753453137269e-05,"Normal"
"FIM1_3737","FIM1_3737",5731.50122890647,-0.351150660940977,0.0797722175820956,-4.40191675227781,1.07298728685056e-05,2.17597880918483e-05,"Normal"
"VRP1","VRP1",3263.24495755453,-0.476537860389766,0.108343841508607,-4.3983843821147,1.09059699292136e-05,2.21076795519603e-05,"Normal"
"PFK27","PFK27",1195.4483828736,-0.456906264830232,0.103902891799831,-4.39743549881615,1.09537421593019e-05,2.21952598632394e-05,"Normal"
"SNO3","SNO3",993.007451603744,0.502298135258922,0.114232442626466,4.3971583178118,1.0967734704098e-05,2.22143488650323e-05,"Normal"
"YDR476C","YDR476C",510.855061466329,-0.471360504666541,0.107242841861091,-4.39526309156449,1.10638670544245e-05,2.23997208406037e-05,"Normal"
"RSM23","RSM23",3360.44086384615,-0.444954203381826,0.101283699973308,-4.39314720432893,1.11721423915644e-05,2.26095126533159e-05,"Normal"
"TMA23","TMA23",279.662644152796,0.619066483836071,0.1410326581425,4.38952574523953,1.13598129707025e-05,2.29797382284111e-05,"Normal"
"FIM1_5051","FIM1_5051",628.062170679685,0.563165070452886,0.128426414337677,4.38511869506948,1.15922551286938e-05,2.34401862964308e-05,"Normal"
"MKT1","MKT1",3902.29498713795,-0.373926439897953,0.0853577769477062,-4.3806956233998,1.18301029037402e-05,2.39111772085166e-05,"Normal"
"RSC58","RSC58",683.751826671691,-0.437436948256244,0.0998784443809745,-4.37969324579879,1.18846488339679e-05,2.40114381223494e-05,"Normal"
"ARL3","ARL3",307.892387553247,-0.584941039004635,0.133575518283048,-4.3791036450642,1.19168449042612e-05,2.40664793806339e-05,"Normal"
"FIM1_4959","FIM1_4959",54.9514826988258,-1.27769180225364,0.291961298266219,-4.37623688427568,1.20745788458056e-05,2.43748976367965e-05,"Down"
"PER1","PER1",807.208342077104,0.415977491004781,0.0951867322802079,4.37012050986516,1.24177986268866e-05,2.50573436578247e-05,"Normal"
"GOS1","GOS1",1471.03279917036,0.434637586746392,0.099504930915987,4.36800048746691,1.25389213686442e-05,2.52912490370453e-05,"Normal"
"USO1","USO1",2175.0230601934,-0.565626426269864,0.129514536977946,-4.36728138375834,1.25802611899592e-05,2.53641033701294e-05,"Normal"
"FIS1","FIS1",2787.30591367343,-0.446938057109434,0.102376096713862,-4.365648539606,1.26746135659765e-05,2.55437359257901e-05,"Normal"
"KEL1","KEL1",1247.38404261908,0.409227145806223,0.0937921944963929,4.36312582303383,1.28217150303593e-05,2.58294831395174e-05,"Normal"
"ATG12","ATG12",563.878843857993,0.449512857269794,0.103052159626783,4.36199356614905,1.28882660927253e-05,2.59527911083929e-05,"Normal"
"NTA1","NTA1",769.431714690034,-0.558887816663358,0.128184419251713,-4.36002924478585,1.30045062865042e-05,2.61760132751135e-05,"Normal"
"BRE2","BRE2",399.790814225512,0.521222597723234,0.119578719113063,4.35882405823742,1.30763184806792e-05,2.63096610756192e-05,"Normal"
"FIM1_2237","FIM1_2237",725.227882483841,-0.58642440957321,0.134596362755903,-4.35691126837296,1.31910711947767e-05,2.65295591620115e-05,"Normal"
"SAT4","SAT4",6394.51636675959,0.35823321358794,0.0822403734121091,4.35592883063434,1.32503827292069e-05,2.66378194791958e-05,"Normal"
"CWH43","CWH43",3261.94360374286,-0.387649258749739,0.0890375434546666,-4.35377306817893,1.33814228781585e-05,2.68901297621887e-05,"Normal"
"YLR050C","YLR050C",235.930264599633,-0.646630584373475,0.148658697933612,-4.34976623205893,1.36282735517211e-05,2.73748578701169e-05,"Normal"
"RRP7","RRP7",1048.37694078486,0.409029582894363,0.0940717747811711,4.34805853132721,1.37347953661511e-05,2.75774259025324e-05,"Normal"
"FMP42","FMP42",1054.17222039041,-0.448575756081048,0.103183254552737,-4.3473697163892,1.3777986181663e-05,2.76527198912435e-05,"Normal"
"COG5","COG5",366.733274022779,0.603883549076482,0.138918547150139,4.34703329011802,1.37991282026481e-05,2.76837175626206e-05,"Normal"
"FAD1","FAD1",1414.12404930094,-0.480096730175717,0.11047055699765,-4.34592477148394,1.38690099645994e-05,2.78124306306185e-05,"Normal"
"RPA135","RPA135",2717.0134757706,-0.439354622387953,0.101148498016181,-4.34365938204706,1.40128728431828e-05,2.80893354558684e-05,"Normal"
"FIM1_1867","FIM1_1867",176.515028493944,0.693034597327986,0.159619055867833,4.34180363716616,1.41317807681937e-05,2.83160093825373e-05,"Normal"
"VMA7","VMA7",1268.81172974057,-0.390086863194639,0.089849342434903,-4.34156614420704,1.41470675435756e-05,2.83349551501375e-05,"Normal"
"USV1","USV1",1425.7689805953,0.452644955788445,0.104271064597651,4.34104089696462,1.41809323085386e-05,2.83910795579684e-05,"Normal"
"RRT2","RRT2",376.418293103687,-0.608743122619782,0.140241387615716,-4.34068097135372,1.42041827605108e-05,2.84259159939548e-05,"Normal"
"PCL10","PCL10",1873.84433871115,0.568448783388535,0.131105541659478,4.33581049430368,1.45224020354021e-05,2.90507828283322e-05,"Normal"
"KIN3","KIN3",1874.07729379474,0.380043881215657,0.0876682438078123,4.33502331869217,1.45744671882229e-05,2.9142936653323e-05,"Normal"
"IDS2","IDS2",2004.9574243252,-0.343380919892933,0.0792993736222235,-4.33018451733017,1.48984450628167e-05,2.97785045496611e-05,"Normal"
"GAB1","GAB1",791.868808752189,-0.439893452451865,0.101651398283679,-4.32747074687801,1.50831370111425e-05,3.01352642833641e-05,"Normal"
"ERG24","ERG24",790.68033072186,-0.458538525456263,0.106074411471195,-4.32280056138498,1.54060990774249e-05,3.07678731677795e-05,"Normal"
"PET112","PET112",439.858862968054,0.562277984811773,0.130078543001908,4.32260365034629,1.54198600877332e-05,3.0782703437262e-05,"Normal"
"YPR063C","YPR063C",2576.4158048258,-0.350338106561993,0.0811224890980664,-4.31863112753456,1.56999931950614e-05,3.13290623962232e-05,"Normal"
"FIM1_1647","FIM1_1647",50.7599695400664,1.25708562172263,0.291097550465214,4.31843421462542,1.57140044829802e-05,3.13441493361251e-05,"Up"
"SFT2","SFT2",1158.2202117115,-0.426034237909017,0.0986915815316903,-4.31682450819998,1.58289905858767e-05,3.15605520134489e-05,"Normal"
"HAS1","HAS1",1932.0426187688,-0.376032870276961,0.087126505697523,-4.3159411394557,1.58924326349413e-05,3.16740484713617e-05,"Normal"
"FAB1","FAB1",4489.85419403155,-0.422278217552833,0.0979147817262745,-4.31271162645628,1.61264398952826e-05,3.21272535675187e-05,"Normal"
"CHA4","CHA4",845.129552343092,-0.426109736125088,0.0989761307532375,-4.30517674193028,1.66852469639941e-05,3.32268913926423e-05,"Normal"
"RIB3","RIB3",1352.01651284232,-0.407235734392849,0.094615536934059,-4.30411058890535,1.67657905402962e-05,3.33736076342889e-05,"Normal"
"FIM1_4628","FIM1_4628",1594.84998535445,0.383700843667132,0.0891518013584787,4.3039045517911,1.67813984792697e-05,3.33909972198082e-05,"Normal"
"BIO2","BIO2",16964.94017543,0.350494709163311,0.0814718816323338,4.30203282581618,1.69238231139157e-05,3.36606043841655e-05,"Normal"
"ARO10","ARO10",17350.9717625708,-1.01234325112467,0.235473743753135,-4.29917677864751,1.71433693556869e-05,3.40833190258932e-05,"Down"
"GPA1","GPA1",7778.13687501996,0.414845532428448,0.096622132682364,4.29348350022674,1.75891391688958e-05,3.49552667573271e-05,"Normal"
"SYH1","SYH1",1871.95680147654,-0.360877640447966,0.0841646349679931,-4.28775863621584,1.80485051327778e-05,3.58535104007225e-05,"Normal"
"ORC1","ORC1",877.149840627716,0.432716387936194,0.100992825528182,4.28462502829414,1.83047647685265e-05,3.63477123049736e-05,"Normal"
"ESA1","ESA1",885.702957708923,0.433171800469719,0.101126072587139,4.28348287823064,1.83990263329281e-05,3.6519962807066e-05,"Normal"
"KRR1","KRR1",1254.7164486349,0.402988494870118,0.0941371846132948,4.28086410832818,1.86169018660384e-05,3.69373320404575e-05,"Normal"
"PAN2","PAN2",1414.52811141688,0.416068839448216,0.0972219037327485,4.27957922519126,1.87246977427849e-05,3.71360434008947e-05,"Normal"
"YGR237C","YGR237C",40008.8859708595,-0.369754782419868,0.0864427845197825,-4.27745108482998,1.89045480779563e-05,3.74774374177028e-05,"Normal"
"APC1","APC1",1918.62354391788,0.441296025200051,0.103260941256651,4.27360064540984,1.92341403809625e-05,3.81152887891913e-05,"Normal"
"ERG10","ERG10",3022.63587993201,-0.426810546268389,0.0998806508829057,-4.27320549571465,1.92682726009271e-05,3.81673610142295e-05,"Normal"
"TCM62","TCM62",3165.07217342877,0.422362434775547,0.0989448873059363,4.26866355883157,1.96647609688799e-05,3.89368677863845e-05,"Normal"
"FIM1_5154","FIM1_5154",15.7890485613844,-2.60593892528034,0.610759013397913,-4.26672201001569,1.98366084028002e-05,3.9261132476255e-05,"Down"
"TRM61","TRM61",486.206245567843,0.532680035537333,0.12495113637468,4.26310677111436,2.01604126398335e-05,3.98857675150452e-05,"Normal"
"plc1","plc1",1641.78899266402,0.419123393350174,0.09833456251824,4.26221851825934,2.02407371276586e-05,4.00283849016251e-05,"Normal"
"ERG8","ERG8",231.395245899334,-0.641974859246481,0.15076921318433,-4.25799701203989,2.06266705377669e-05,4.07750171452438e-05,"Normal"
"LAG1","LAG1",1062.84021719559,-0.496474111783779,0.11667013444281,-4.25536590109222,2.0870742181138e-05,4.12407223497964e-05,"Normal"
"KIN1","KIN1",10503.0311437184,0.331961102573265,0.0780350699320133,4.25399891180312,2.09986321235855e-05,4.14765664587407e-05,"Normal"
"STE11","STE11",2141.91417353751,0.381459075514547,0.0896752145855844,4.25378492014077,2.10187197253247e-05,4.14993738908381e-05,"Normal"
"RFC4","RFC4",399.783702580482,-0.537402260112546,0.126459908651226,-4.24958602172245,2.14165952832377e-05,4.22677646146433e-05,"Normal"
"YUR1","YUR1",949.403677571518,-0.411450943106893,0.0968270946633669,-4.24933686730311,2.14404283874741e-05,4.22976214107741e-05,"Normal"
"FIM1_438","FIM1_438",25.0465672772048,-1.78340254137318,0.421488026138787,-4.23120570638927,2.32441971905866e-05,4.58374813916641e-05,"Down"
"SWR1","SWR1",728.120648559626,0.519480091452091,0.122780936298032,4.23095072504685,2.32705649733191e-05,4.58708621522749e-05,"Normal"
"YDR131C","YDR131C",768.8900565696,-0.414653150781509,0.0980585007474974,-4.22863033414359,2.3511829679555e-05,4.63276481804371e-05,"Normal"
"MOS1","MOS1",6705.3294254405,0.313187556084247,0.0740927764692369,4.22696477320271,2.36864732307605e-05,4.66528469510601e-05,"Normal"
"PFF1","PFF1",2186.63259100763,-0.392153069318581,0.0927972737222358,-4.22591153369858,2.37975477042716e-05,4.68526273480776e-05,"Normal"
"COX5A","COX5A",35158.7746107764,0.350533882405022,0.0830531694383668,4.22059609254467,2.43657165568368e-05,4.79518091331187e-05,"Normal"
"ANR2","ANR2",1545.69795920549,-0.352536461421077,0.0835389536514411,-4.22002486279639,2.44275376970687e-05,4.80540103927355e-05,"Normal"
"COX23","COX23",1311.92910379672,-0.492050603950208,0.11664479283399,-4.21836750698765,2.4607750132358e-05,4.83889348009419e-05,"Normal"
"TIF34","TIF34",5582.98977586615,-0.321088174250069,0.0762343158318466,-4.21185880330201,2.53277850127507e-05,4.97846712689951e-05,"Normal"
"YDR387C","YDR387C",5618.62800906371,-1.97337663088128,0.468602948893879,-4.21119123458221,2.54027585399476e-05,4.99118494725457e-05,"Down"
"MRPL2","MRPL2",4501.00666197646,-0.379268283866799,0.0901761378714263,-4.20586080552221,2.60090283350095e-05,5.10824044785009e-05,"Normal"
"SLH1","SLH1",1863.94573662076,-0.45180377990229,0.10747513657575,-4.20379814622384,2.62473026928005e-05,5.15295530441687e-05,"Normal"
"CFT1","CFT1",490.345981578686,0.510826837069907,0.121583007740449,4.2014657028423,2.65192427911628e-05,5.20424073999434e-05,"Normal"
"ATC1","ATC1",568.381710588225,0.488879813171558,0.116410239748434,4.1996289521269,2.67352735316924e-05,5.24451732299126e-05,"Normal"
"SDD3","SDD3",1454.97730332069,-0.422830339212222,0.100706616699163,-4.19863513512052,2.68528586805688e-05,5.2654576403908e-05,"Normal"
"FIM1_2389","FIM1_2389",2995.37617021199,0.35092931955153,0.0835933796808843,4.1980515788594,2.69221321196175e-05,5.27691165668501e-05,"Normal"
"FIM1_4364","FIM1_4364",801.025989472664,-0.416173992400583,0.099177907787393,-4.1962368604582,2.71386432571816e-05,5.31720433817119e-05,"Normal"
"FIM1_2730","FIM1_2730",13807.4162646739,-0.329301322834555,0.0785505759479945,-4.19222034797776,2.76237493181948e-05,5.41006843761019e-05,"Normal"
"PLP2","PLP2",325.351473455836,0.522174275920655,0.124641639790746,4.1894047350252,2.79687166700985e-05,5.47542281627754e-05,"Normal"
"FIM1_4574","FIM1_4574",1132.76228544235,-0.433906509423277,0.103687946698325,-4.18473432293638,2.85499811797583e-05,5.58696570891847e-05,"Normal"
"JIP4","JIP4",3116.18165207083,0.362065298753409,0.0866084080249549,4.18048671035594,2.90885812535042e-05,5.69007312040165e-05,"Normal"
"SMT3","SMT3",4646.37632226622,-0.339465336162028,0.0812134873686114,-4.17991330210048,2.9162025462502e-05,5.70214413369406e-05,"Normal"
"CTF13","CTF13",108.612003106256,-1.01538349639527,0.243183651640346,-4.17537729015172,2.97492583017159e-05,5.81462775897174e-05,"Down"
"DUN1","DUN1",503.839323962913,0.492307207354722,0.117951892269794,4.17379660369208,2.99565220332284e-05,5.85278409969669e-05,"Normal"
"ARV1","ARV1",867.933614585707,-0.387065336943284,0.0927589442111632,-4.17280878124421,3.00867439289155e-05,5.87586369576369e-05,"Normal"
"SLT11","SLT11",553.294556862839,0.581297280392707,0.139326314381057,4.17220022631806,3.01672356580683e-05,5.88921647499212e-05,"Normal"
"YOR114W","YOR114W",398.413173755377,-0.51581798242809,0.123731476950131,-4.16885011916559,3.06140213727896e-05,5.97403734338895e-05,"Normal"
"REV1","REV1",2527.4394932083,-0.396450113844081,0.0952809758968207,-4.16085278422626,3.17061427608003e-05,6.18467072158687e-05,"Normal"
"Acot10","Acot10",10052.8136617527,0.322094613933525,0.07749361523898,4.15640195569955,3.23298818272637e-05,6.30380801760331e-05,"Normal"
"CDC16","CDC16",1144.23458303697,0.397840315815761,0.0957271934439466,4.1559801504963,3.23895945802742e-05,6.31291777238477e-05,"Normal"
"MTG1","MTG1",288.597279570839,0.668818848656411,0.161072827237266,4.15227608609127,3.29184785092288e-05,6.41342770955664e-05,"Normal"
"GPX2","GPX2",1922.1663192587,-0.402832272709951,0.0970559652383721,-4.15051534154119,3.31727531321207e-05,6.45552109008736e-05,"Normal"
"GAS4","GAS4",314.494341514424,0.726913934433976,0.175132220474505,4.15065789986828,3.31520966221813e-05,6.45552109008736e-05,"Normal"
"URK1","URK1",395.615388894963,0.529011472753499,0.127457163438738,4.1505040476424,3.31743901254335e-05,6.45552109008736e-05,"Normal"
"IVY1","IVY1",2391.9733570561,0.415120901091994,0.100024636942898,4.15018653183395,3.32204438476784e-05,6.46189498222055e-05,"Normal"
"CET1","CET1",2284.8827244018,-0.412707473117946,0.0994708186843546,-4.14903062603283,3.33886144087899e-05,6.49200789965227e-05,"Normal"
"GNT1-A","GNT1-A",1114.51362087411,-0.371301552073878,0.0894944679965352,-4.14887713605106,3.34110061028301e-05,6.49376314614606e-05,"Normal"
"YKE2","YKE2",311.496533567531,-0.64627362829644,0.155804109799324,-4.14798832411316,3.3540950035673e-05,6.51641248393983e-05,"Normal"
"UBA3","UBA3",394.773844343758,-0.644430624228604,0.155440833450083,-4.1458258420594,3.38591117675491e-05,6.57559648595208e-05,"Normal"
"ADO1","ADO1",3617.81316107589,0.319619850906002,0.077104625423953,4.14527467254526,3.39406615020423e-05,6.58880040904608e-05,"Normal"
"HIM1","HIM1",540.665758805996,-0.606264588945166,0.146490741640188,-4.13858638544053,3.49452294915491e-05,6.77839800796155e-05,"Normal"
"VMA1","VMA1",9157.12857591611,-0.285311651181748,0.0689386305158467,-4.13863241910737,3.49382198045299e-05,6.77839800796155e-05,"Normal"
"SOU1","SOU1",10803.9322808581,0.479409518904554,0.115882047235321,4.13704737137598,3.51803500812762e-05,6.82128176555949e-05,"Normal"
"MPS2","MPS2",179.81565578353,0.693807365370464,0.167897040660075,4.13233826303793,3.59091434949841e-05,6.95981365146102e-05,"Normal"
"LYS4","LYS4",1670.23445450771,0.371858868014399,0.0900760091997265,4.1282786761775,3.65488998546177e-05,7.08098502366776e-05,"Normal"
"PEX5","PEX5",4174.45223693769,-0.300805437890082,0.0729243899833444,-4.12489481171916,3.70904231915239e-05,7.18303572290213e-05,"Normal"
"CDC15","CDC15",1023.24347181823,-0.450608272463442,0.109276748211666,-4.12355125713134,3.73075391040201e-05,7.22220448232804e-05,"Normal"
"FIM1_1829","FIM1_1829",3236.06254341381,0.357311456098662,0.0867720365473671,4.11781802428496,3.82476517509818e-05,7.40124810266908e-05,"Normal"
"ADY4","ADY4",358.043216498531,0.494266174619372,0.120048962902274,4.11720486933095,3.83495150392064e-05,7.41800531749617e-05,"Normal"
"NUP120","NUP120",1092.82579977317,0.414745011650185,0.100776667211193,4.11548648241186,3.86363641463572e-05,7.47051704684241e-05,"Normal"
"SKY1","SKY1",5875.14957443321,0.385924248568244,0.0938524345528913,4.11203236662713,3.92191299057256e-05,7.58018107445986e-05,"Normal"
"SBA1","SBA1",6682.48286468964,0.33508118868055,0.0814929972492838,4.11177892568548,3.92622164509046e-05,7.5854914407533e-05,"Normal"
"YIP1","YIP1",1536.4558841231,-0.34973995832252,0.0850791650719945,-4.11075917384201,3.94360351160701e-05,7.61604509654152e-05,"Normal"
"NOP15","NOP15",1312.69851916396,-0.431903089994875,0.105103076688894,-4.10932870474679,3.96810924987006e-05,7.66032691502528e-05,"Normal"
"LTO1","LTO1",540.859556099269,0.479799990037705,0.116810724986811,4.10749946198756,3.99965709462025e-05,7.71509877838816e-05,"Normal"
"ASA1","ASA1",178.679566697532,0.645115351902803,0.157057767585518,4.10750363907687,3.99958478448632e-05,7.71509877838816e-05,"Normal"
"FIM1_3117","FIM1_3117",23.6075911020521,1.7390734300004,0.423415485022546,4.10725042308691,4.00397048198453e-05,7.72035419522335e-05,"Up"
"SXM1","SXM1",1879.67605461069,0.361512448088378,0.0881171845809157,4.10263275895306,4.08475331177577e-05,7.8729933922723e-05,"Normal"
"YJR141W","YJR141W",389.479840992214,-0.491934259175488,0.120001535084867,-4.0993997187418,4.14223100004127e-05,7.98061079666952e-05,"Normal"
"ITT1","ITT1",1825.26967316671,0.4818094897757,0.117595869490507,4.09716337710819,4.18243726838315e-05,8.05488017719925e-05,"Normal"
"RPB2","RPB2",5016.7799118659,0.32563663348441,0.0795155793042508,4.09525575156065,4.21702605029229e-05,8.11827637811816e-05,"Normal"
"LAS21","LAS21",732.233599330982,-0.494767813289325,0.120860601118723,-4.09370637502711,4.24531866238933e-05,8.16950628932664e-05,"Normal"
"CLP1","CLP1",205.20785180417,0.668635105412439,0.163389068995487,4.09228787166238,4.27137927435733e-05,8.21640217502069e-05,"Normal"
"IPL1","IPL1",320.938531051354,-0.548779667604229,0.134154205068546,-4.09066318363878,4.30141434314903e-05,8.27090316318208e-05,"Normal"
"PRX1a","PRX1a",191.75851841513,0.697545857683055,0.170592941770962,4.08894911150298,4.33331896167548e-05,8.32895444413812e-05,"Normal"
"CBP3","CBP3",1595.02135299052,-0.345324891620918,0.0844832780480504,-4.08749399407197,4.36057961445106e-05,8.37803730589866e-05,"Normal"
"DAD1","DAD1",364.93552469481,-0.518225546357095,0.126791150203471,-4.08723752032742,4.36540131057332e-05,8.38398615338963e-05,"Normal"
"GTB1","GTB1",3053.69376595639,0.314357799111914,0.0769188625327135,4.08687529639714,4.37221972181629e-05,8.39376358289425e-05,"Normal"
"TAF8","TAF8",447.488519723623,0.519085539654881,0.127035455841232,4.08614694391801,4.38596063461737e-05,8.4168178213293e-05,"Normal"
"ETT1","ETT1",1691.14979677962,-0.349984501436556,0.0856623908163313,-4.08562612018334,4.39581147035135e-05,8.43239160459423e-05,"Normal"
"SUL2","SUL2",1614.45418070804,-0.399792103252163,0.097922443154417,-4.08274232518605,4.45073634288435e-05,8.53438353988755e-05,"Normal"
"GOR1","GOR1",13281.1339387709,-0.335426279279923,0.0822313741532664,-4.0790547736043,4.52191828797565e-05,8.66745600050244e-05,"Normal"
"PSP2","PSP2",2251.21870015595,-0.387278435455062,0.0949547751065448,-4.07855671313541,4.53161485920989e-05,8.68261695619119e-05,"Normal"
"PFK2","PFK2",32764.5180853603,-0.311923657461704,0.076531414095609,-4.07575975366174,4.58643526536001e-05,8.7841895760285e-05,"Normal"
"EXO84","EXO84",1844.10325894716,-0.343351318704857,0.0842877943762313,-4.07355918191733,4.63000791195216e-05,8.86414832315821e-05,"Normal"
"DID2","DID2",2091.33229675628,-0.337112047364514,0.0828333331799684,-4.06976315479283,4.70609557654751e-05,9.0027237820647e-05,"Normal"
"LSM8","LSM8",446.824035295909,-0.493786528004386,0.121329123167974,-4.06981040587231,4.70514122949218e-05,9.0027237820647e-05,"Normal"
"ALT1","ALT1",9669.56118744935,-0.423307897115337,0.104079899926502,-4.06714358309591,4.75929209658623e-05,9.1009052724567e-05,"Normal"
"YAH1","YAH1",1837.41033598537,0.379009707853692,0.0932080510812467,4.0662765014078,4.77702544978358e-05,9.13122213237547e-05,"Normal"
"FIM1_4180","FIM1_4180",46.7898688538,-1.25219183173386,0.308037983908593,-4.06505657466398,4.80208120842378e-05,9.17550632785338e-05,"Down"
"FIM1_896","FIM1_896",230.481340635737,-0.610590291819792,0.150231587976103,-4.06432695044745,4.81712626160771e-05,9.20063541869177e-05,"Normal"
"AFI1","AFI1",883.039931176917,0.449638936388809,0.110653224964059,4.06349599421847,4.83431523631681e-05,9.22983800914082e-05,"Normal"
"RIM101","RIM101",11589.8806269111,0.318868442073899,0.0784979789942713,4.06212295092552,4.86284519117912e-05,9.28066173760382e-05,"Normal"
"JHD1","JHD1",460.963579559277,-0.47268462519245,0.116406453485177,-4.0606393463627,4.89385184305895e-05,9.33617043793617e-05,"Normal"
"FIM1_3986","FIM1_3986",2337.399815347,0.333469694987051,0.0821651998856531,4.05852715567091,4.93831916386155e-05,9.41730487331368e-05,"Normal"
"FIM1_1844","FIM1_1844",50.5087667491676,-1.20073245735819,0.295907155454387,-4.05780135838343,4.95368737803735e-05,9.44290583361456e-05,"Down"
"MNP1","MNP1",4603.73901306835,-0.405444109444263,0.10005774149916,-4.05210135037544,5.07596662690533e-05,9.67220464318941e-05,"Normal"
"COX7","COX7",21009.5707769377,0.28916374643865,0.0713689065416745,4.051676849915,5.08518675932403e-05,9.6859750935145e-05,"Normal"
"FIM1_4559","FIM1_4559",713.657674757352,-0.406826780977846,0.100448744178475,-4.05009325208689,5.1197226895886e-05,9.74793595168928e-05,"Normal"
"YBL086C","YBL086C",1637.33408316345,0.52046736608929,0.128547155698593,4.0488438912615,5.14712615110557e-05,9.79627339139129e-05,"Normal"
"ORT1","ORT1",193.884638292495,-0.720281977650228,0.178008478722972,-4.04633522412816,5.20257157157282e-05,9.89792297034938e-05,"Normal"
"FIM1_102","FIM1_102",143.631129011725,0.704489057558226,0.174177094014737,4.04467109491803,5.23966315077766e-05,9.96458835601905e-05,"Normal"
"GCR1","GCR1",2096.28534366106,0.355741767328804,0.0879649216172388,4.04413214709314,5.25172931933583e-05,9.98362784141345e-05,"Normal"
"RRI1","RRI1",197.809928805408,0.662903752834308,0.163979877402888,4.04259207491413,5.2863543321172e-05,0.000100455204144534,"Normal"
"VRG4","VRG4",3441.64546870367,-0.33642269890212,0.0832353137278595,-4.04182652572278,5.30364634423526e-05,0.000100744400260513,"Normal"
"EMC1","EMC1",2111.82043480585,-0.359473490930869,0.0889568452389871,-4.04098740198268,5.32266180438264e-05,0.000101066094988258,"Normal"
"BET1","BET1",236.259075296305,-0.683801272404189,0.169262469626483,-4.03988712863021,5.34769310056085e-05,0.000101501721779786,"Normal"
"FIM1_3398","FIM1_3398",28.9651125427392,1.5584891693985,0.386066683708377,4.03683932119804,5.41761463848689e-05,0.00010278871350413,"Up"
"VID28","VID28",5548.04526979116,-0.32946338505593,0.0816184818038467,-4.03662721695471,5.42251274638258e-05,0.000102841488816054,"Normal"
"DAD2","DAD2",219.845349802626,-0.580101197419876,0.143763354826495,-4.03511171619491,5.45763237937572e-05,0.000103467170235609,"Normal"
"NAN1","NAN1",1364.35726409698,0.372335348699282,0.092447304024605,4.02754144783048,5.63631337047924e-05,0.000106812974520899,"Normal"
"MGR2","MGR2",2319.7586982469,0.3773354600921,0.0938167440455856,4.02204813150148,5.76942642666276e-05,0.000109292955193584,"Normal"
"YSF3","YSF3",284.012824144415,0.555000741290684,0.138000577416563,4.02172767448197,5.77728288497918e-05,0.000109356515536088,"Normal"
"BXI1","BXI1",4074.71729814723,0.326153047829363,0.0810972789897854,4.02175081448101,5.77671523583864e-05,0.000109356515536088,"Normal"
"GDS1","GDS1",1301.03392016276,-0.483147782693435,0.120147247768716,-4.02129713053016,5.78785423339918e-05,0.000109513955296287,"Normal"
"FIM1_4342","FIM1_4342",487.997720690582,-0.513070592150029,0.127603023494014,-4.02083413152116,5.79924290882578e-05,0.000109686731389585,"Normal"
"TSL1","TSL1",42039.9555739759,0.408212622228875,0.10154622453389,4.01996848334465,5.82059275497898e-05,0.000110047705044525,"Normal"
"HSP42","HSP42",23781.8230593209,0.321432802579086,0.0799821660067178,4.01880592421176,5.8493825775875e-05,0.00011054900795215,"Normal"
"ILM1","ILM1",694.418495523771,-0.415030696113365,0.103368234923684,-4.01506997212229,5.94281611662951e-05,0.000112271164505065,"Normal"
"YJR124C","YJR124C",951.566374884031,0.507690125327967,0.126489140770913,4.01370522586957,5.97729854610655e-05,0.000112878716033936,"Normal"
"GEF1","GEF1",320.773695580611,0.510717386296233,0.127272065881966,4.01280031684155,6.00026684284722e-05,0.000113268440518239,"Normal"
"CST9","CST9",976.217696171758,0.404652421431915,0.100928402165378,4.00930176987114,6.08985510441694e-05,0.000114914974572279,"Normal"
"HHF1","HHF1",5306.14094976357,-0.342841981758377,0.0855297735864129,-4.00845188035012,6.11180887605214e-05,0.000115284469443856,"Normal"
"SCD6","SCD6",3517.44917175492,-0.315077686852583,0.0786240166225336,-4.00739748981842,6.13914933381174e-05,0.000115755244908775,"Normal"
"UFE1","UFE1",303.924442930487,0.53602624266713,0.133798422424627,4.00622244233925,6.16975485675058e-05,0.000116287194914473,"Normal"
"MYO2","MYO2",4481.34193058262,-0.328204720188177,0.0820000626868403,-4.00249352785981,6.26783829759812e-05,0.000118090059278904,"Normal"
"MRP4","MRP4",6571.91398886243,-0.342995570288423,0.0857247859315838,-4.00112483876209,6.30420851851883e-05,0.000118729260432105,"Normal"
"TCB3","TCB3",18060.2711170776,0.338957132308122,0.0847622548344755,3.99891594401353,6.36332725313516e-05,0.000119796230619852,"Normal"
"SHH3","SHH3",20816.4150505989,0.313064876895852,0.0783004301423714,3.998252325391,6.38119056848378e-05,0.000120085999117981,"Normal"
"SEC9","SEC9",4407.27223038953,0.301867206033468,0.0755088858423503,3.99777062879348,6.3941866194938e-05,0.000120283982904066,"Normal"
"NOG1","NOG1",2718.08024214052,-0.371781228773969,0.0930026696957671,-3.99753286642363,6.40061061867986e-05,0.000120358231409309,"Normal"
"NBP35","NBP35",2740.38945965371,0.330125325115101,0.0826506373421063,3.99422600637248,6.49059299305652e-05,0.000122003061327898,"Normal"
"PHO3","PHO3",134.599642267933,-0.782024242796677,0.196018669624149,-3.98953958975514,6.62016695926016e-05,0.000124390530761969,"Normal"
"OYE3","OYE3",9684.11839358852,-0.400898180106029,0.100504736969491,-3.98884860748131,6.63947764334615e-05,0.00012465696239961,"Normal"
"SUP35","SUP35",5447.09270056667,-0.293648308200606,0.0736160593158906,-3.98891642570196,6.63757999032487e-05,0.00012465696239961,"Normal"
"GUA1","GUA1",4074.13448015338,-0.303747788482534,0.0761546427396692,-3.9885656022428,6.6474020869296e-05,0.000124683226502502,"Normal"
"ECM18","ECM18",2330.68080174287,-0.307933220934115,0.0772048105556477,-3.98852375542276,6.648574601111e-05,0.000124683226502502,"Normal"
"STR2","STR2",2718.12501346833,-0.309863500875221,0.0776866991150942,-3.98863002811012,6.64559730857467e-05,0.000124683226502502,"Normal"
"MET30","MET30",1182.014083341,0.390615568768749,0.0980272815926192,3.98476385780099,6.75472640623047e-05,0.000126625060215563,"Normal"
"PFK1","PFK1",30841.5745165742,-0.290339814691328,0.0728759020655401,-3.984030474576,6.77561779722951e-05,0.000126967708741759,"Normal"
"LAP2","LAP2",4394.60349486782,-0.37406328849775,0.0938932990830475,-3.98391889677767,6.77880159191738e-05,0.000126978399904112,"Normal"
"NAP1","NAP1",7656.13395678587,-0.291307484212335,0.073183143054537,-3.98052710028113,6.87626246058735e-05,0.000128754371082828,"Normal"
"TRS31","TRS31",471.37543990885,-0.482342319210822,0.121204131595144,-3.97958644530354,6.90352544338144e-05,0.000129215062131704,"Normal"
"KRE5","KRE5",496.018728224901,-0.562872807989592,0.141507796278486,-3.97768054335229,6.95907799659498e-05,0.000130204697672141,"Normal"
"FYV7","FYV7",1284.32529474238,-0.359187792397389,0.0903818003952599,-3.97411636885502,7.06410212866689e-05,0.000132118830805206,"Normal"
"cysB","cysB",2651.15869267968,0.323629739997205,0.081445661599734,3.9735663464518,7.0804423635232e-05,0.000132373487665869,"Normal"
"ATG16","ATG16",428.331909366906,0.473635333331264,0.11923702065321,3.97221710787952,7.12067752627482e-05,0.000133074508077574,"Normal"
"GLK1","GLK1",19053.7438813544,0.486510976126231,0.122584412987609,3.96878334095712,7.22405253488535e-05,0.000134954522364506,"Normal"
"LEU2","LEU2",3645.96754965218,-0.378492379236819,0.0953770054582483,-3.96838186959546,7.23623126731954e-05,0.000135130083504634,"Normal"
"SGS1","SGS1",959.682248185522,0.390963579790272,0.0986114038550935,3.96468932097125,7.34916001542011e-05,0.000137186202516044,"Normal"
"SLD5","SLD5",172.766666987133,0.61928124780313,0.156263769507904,3.96305074268546,7.399804579947e-05,0.000138078534769441,"Normal"
"TAF7","TAF7",1620.08048730509,0.377380229801368,0.0952387856154601,3.96246368916434,7.4180291859897e-05,0.000138365465699516,"Normal"
"QCR8","QCR8",35746.9057918212,0.27245846359316,0.0688006505675721,3.96011464056675,7.49137914607946e-05,0.000139680012551036,"Normal"
"FUS2","FUS2",31.0436345943444,1.53412566598669,0.38747729403535,3.95926597403855,7.51804734853101e-05,0.000140123483185701,"Up"
"CYT1","CYT1",15196.5929636873,0.416595177395309,0.105385230585886,3.95306984744693,7.71549028905016e-05,0.000143728883168823,"Normal"
"SEC59","SEC59",1018.14170614517,-0.385462422679958,0.0975111044206743,-3.95301053115989,7.71740391412761e-05,0.000143728883168823,"Normal"
"TIF3","TIF3",3298.56252385833,-0.35733264637853,0.0903993917007685,-3.95282135925581,7.72350985839829e-05,0.000143787488130105,"Normal"
"ulp2","ulp2",755.509244969656,0.419078042678027,0.106065858277006,3.95111159694333,7.778903827849e-05,0.000144763284946451,"Normal"
"FIM1_3823","FIM1_3823",94.4146421053706,0.906971127295126,0.229670278250539,3.94901392641561,7.84737866490882e-05,0.000145981672790168,"Normal"
"FIM1_2950","FIM1_2950",178.513718784223,-0.808134022390832,0.204776842497518,-3.94641314190899,7.93306816353789e-05,0.000147519243041066,"Normal"
"NSE5","NSE5",952.663031530002,-0.371842145718999,0.0942434121816964,-3.94555053887593,7.96168363532455e-05,0.000147994723733902,"Normal"
"YTP1","YTP1",1016.63981207992,-0.388145666581468,0.0983808604101304,-3.94533718208364,7.96877644166102e-05,0.000148069922485778,"Normal"
"NSL1","NSL1",727.944797122424,-0.396940331789676,0.100694739677584,-3.94201656472469,8.07993947299847e-05,0.000150078080654815,"Normal"
"MNN2","MNN2",6531.17003161602,0.298459423585418,0.0757698144546108,3.93902803819332,8.181236998298e-05,0.000151901530663852,"Normal"
"SSQ1","SSQ1",8449.18675503169,0.315899262581652,0.0802621655370168,3.9358427531582,8.29052463486108e-05,0.000153871883883843,"Normal"
"ASR1","ASR1",886.432559569412,-0.386974479978888,0.0983601550592325,-3.9342605727477,8.34532099278101e-05,0.000154829762137926,"Normal"
"ACAD11","ACAD11",697.504673633665,2.25256128840504,0.572694987216654,3.9332652436032,8.37996787016901e-05,0.000155413220920425,"Up"
"YPL108W","YPL108W",556.52704810723,0.487632212420584,0.124014798590381,3.93204857777682,8.42250400747672e-05,0.000156142491309918,"Normal"
"FIM1_3393","FIM1_3393",27677.8437667594,1.38528266400023,0.352395238342651,3.93104819042208,8.45763155479884e-05,0.000156733911993774,"Up"
"NOP19","NOP19",101.40210781585,-0.842117821053018,0.214390658309952,-3.92795949082604,8.56696362816241e-05,0.000158699490161041,"Normal"
"TY2B-LR1","TY2B-LR1",906.330622912497,-0.413161768742999,0.105231238382011,-3.92622737407249,8.62885920491412e-05,0.000159785163401973,"Normal"
"PEX7","PEX7",1397.85794803295,0.356917507436127,0.0909158576276877,3.92580036914738,8.64418261959986e-05,0.000160007936566231,"Normal"
"JSN1","JSN1",24845.0013413386,-0.355627910753394,0.0906278890272405,-3.92404495537241,8.70744757874305e-05,0.000161117622944069,"Normal"
"ARG4","ARG4",1924.05218066039,-0.463633601500317,0.118169435425918,-3.92346464065977,8.72845810877742e-05,0.000161444910356108,"Normal"
"CYC1","CYC1",52051.1175354851,0.306865958554465,0.0782156480187376,3.92333204835114,8.73326538490845e-05,0.000161472361131165,"Normal"
"AAC","AAC",58430.0328470995,-0.289141062565065,0.0738461376238996,-3.91545274903433,9.02347162877965e-05,0.000166774623979613,"Normal"
"FIM1_4864","FIM1_4864",196.231211867389,0.600585887490086,0.153438878250944,3.9141702177192,9.07156269055677e-05,0.000167599707655572,"Normal"
"GDB1","GDB1",17356.6314624183,-0.27778464968296,0.0709717694292632,-3.91401612101309,9.07735711727751e-05,0.00016764301874896,"Normal"
"QDR2","QDR2",4849.0803994879,0.35937755452609,0.0918467167463489,3.91279696495385,9.12332387505173e-05,0.000168427928225214,"Normal"
"TUS1","TUS1",932.534875439885,0.39269548926618,0.100379062017893,3.91212551075822,9.14873401830199e-05,0.000168832884902884,"Normal"
"YJL068C","YJL068C",8209.49539254165,-0.36071955474519,0.0922460248196459,-3.91040758071091,9.21405106014243e-05,0.000169973705775369,"Normal"
"GEP5","GEP5",912.144415769463,0.406748436945805,0.104041083816641,3.90949826765209,9.2488018681916e-05,0.000170550012438493,"Normal"
"FIM1_1042","FIM1_1042",255.889463362715,0.573951330762457,0.146869187556881,3.90790839324396,9.30985898565194e-05,0.000171548708970008,"Normal"
"DPB2","DPB2",380.489149052333,0.484176504542426,0.123896718793326,3.90790417420244,9.3100215178825e-05,0.000171548708970008,"Normal"
"ACK1","ACK1",1500.36991600861,0.429809501110064,0.110028169606423,3.90635873201852,9.36973796679608e-05,0.000172583611753837,"Normal"
"ADD66","ADD66",1034.51517152634,-0.354100069164115,0.0906640125001963,-3.90562980171817,9.398029473979e-05,0.000173039125479591,"Normal"
"POL3","POL3",2602.45072340262,0.378964500397717,0.0970415562804143,3.90517748193001,9.41562561429318e-05,0.000173297442650949,"Normal"
"INO1","INO1",127778.847123766,0.433815464569358,0.111116965750016,3.90413346549911,9.45635878651814e-05,0.000173981247041619,"Normal"
"FIM1_2940","FIM1_2940",86.6454582329345,-0.869066507446516,0.222643325848197,-3.90340246731251,9.48497827672963e-05,0.000174441746580732,"Normal"
"PKH1","PKH1",7234.84257717412,0.367368308781773,0.0942454983900085,3.89799316739271,9.69931524443022e-05,0.000178316204209937,"Normal"
"HSP26","HSP26",292838.755009587,-0.439446540894009,0.112803930339436,-3.89566692908375,9.79288877978536e-05,0.000179968406130776,"Normal"
"ATG33","ATG33",12784.7733094482,-0.292237128604415,0.0750841240146237,-3.89212942735401,9.93682074693236e-05,0.000182544468844402,"Normal"
"UTP6","UTP6",310.100063077398,-0.701509376147441,0.180345560648709,-3.889806733385,0.000100324088813199,0.000184230819177376,"Normal"
"OCH1","OCH1",1593.298083348,-0.374471985362722,0.0964222186665244,-3.88366903957925,0.000102891940011256,0.000188874928792857,"Normal"
"IMG1","IMG1",4279.17141092412,-0.309895986097852,0.0798000932906684,-3.88340380717437,0.000103004292689076,0.000189009765172289,"Normal"
"SMC3","SMC3",1228.13163770747,-0.428100255217432,0.110275666726011,-3.88209174269679,0.000103561789569068,0.000189961017559872,"Normal"
"IST1","IST1",2133.04910745726,-0.314452048510281,0.0810355311855161,-3.88042188296885,0.000104275432858906,0.000191197859721292,"Normal"
"RER2","RER2",258.329736954285,0.525883869189218,0.135675629984428,3.8760377913821,0.00010617120131919,0.00019460047801205,"Normal"
"SYN8","SYN8",668.075152113163,0.402371176949111,0.103872215803184,3.87371323349375,0.000107189534168534,0.000196392890846497,"Normal"
"SNX41","SNX41",3229.83209362627,-0.359519113569758,0.0928779659390855,-3.87087626149727,0.000108444831671524,0.000198617955933636,"Normal"
"FIM1_771","FIM1_771",15.3837344735753,2.13092835490495,0.551081137061596,3.86681417960922,0.000110266381115557,0.000201878050429726,"Up"
"YGL036W","YGL036W",8142.47318371069,0.492660202191824,0.127443304730859,3.86572055105012,0.000110761703757006,0.000202708519229865,"Normal"
"PGA2","PGA2",590.974342309897,0.517239255280656,0.133860225849889,3.86402497079818,0.000111533812315227,0.000204044726671569,"Normal"
"AMA1","AMA1",186.840176591073,-0.816592309452206,0.211343302134618,-3.86381920413104,0.000111627856041283,0.000204139914378847,"Normal"
"YGR117C","YGR117C",693.37571287068,-0.425798018731323,0.110316774851912,-3.85977580746819,0.000113491099032699,0.000207469243867526,"Normal"
"ALDH22A1","ALDH22A1",619.249505622814,-0.523272347592234,0.135631797552338,-3.8580359254644,0.000114301850059229,0.000208872767746443,"Normal"
"FIM1_5197","FIM1_5197",337.482316560505,-0.513915476179637,0.133222491085113,-3.85757293677467,0.000114518512194857,0.000209190019080756,"Normal"
"COQ9","COQ9",862.845067990016,-0.49222711607695,0.1276609027112,-3.85573895862611,0.00011538056028602,0.00021068551012017,"Normal"
"POP1","POP1",2499.5008001365,0.349219497107926,0.0906278636523373,3.85333475858581,0.000116519909564691,0.00021268604078694,"Normal"
"ARF1","ARF1",8592.77541567409,-0.308858918738929,0.0802073084845185,-3.85075779969034,0.000117752906166359,0.000214855941067345,"Normal"
"PHO12","PHO12",1858.49026791027,-0.308766891630025,0.0802957925480045,-3.84536825445032,0.000120371525266293,0.000219551516992837,"Normal"
"BUD14","BUD14",1342.90901513594,0.394459781173405,0.102598533457131,3.84469219862897,0.000120703849505331,0.00022007504868533,"Normal"
"DFG16","DFG16",1838.49451556746,0.379604543098769,0.0987685265875165,3.84337557938976,0.000121353535524794,0.000221176605069382,"Normal"
"KAR1","KAR1",78.3339427812693,0.905159701613655,0.235850751297802,3.83784955796361,0.000124116480343512,0.000226127475811445,"Normal"
"SRP14","SRP14",2335.37066055069,0.343564836208382,0.0895285025979889,3.83749114794309,0.000124297713574468,0.000226372784954401,"Normal"
"RAS2","RAS2",221.863642209833,0.602301897541787,0.1569753236984,3.83692088253949,0.000124586587683236,0.000226813873942617,"Normal"
"RAD30","RAD30",710.748393989241,0.389001238010906,0.101434144469172,3.83501275676588,0.000125557777616613,0.000228496345108285,"Normal"
"DCC1","DCC1",136.77198214501,-0.773704100519536,0.20175892689012,-3.8347948834051,0.000125669122704541,0.000228613353508561,"Normal"
"FIM1_3931","FIM1_3931",4.07069828404837,5.50665697432804,1.43769860167136,3.83018872517954,0.000128045015937232,0.000232848328008611,"Up"
"FIM1_3874","FIM1_3874",932.620397111064,0.361997631526677,0.0945524650514643,3.82853721824856,0.000128907139440984,0.000234328391524034,"Normal"
"MEF2","MEF2",1728.39066553599,-0.359786697684611,0.0939831882040085,-3.8282027302971,0.000129082414502386,0.000234559256569594,"Normal"
"NET1","NET1",1018.26701785641,0.441075480928441,0.115374890863503,3.82297636537109,0.000131850421993392,0.000239499514192858,"Normal"
"MRPL13","MRPL13",2770.51073493858,-0.317040358390363,0.0829824257938519,-3.82057231223834,0.000133142360453418,0.000241755877968296,"Normal"
"PHO2","PHO2",3888.68825645357,0.432819171349425,0.11336488321638,3.81792984802271,0.000134576177812694,0.000244268079190094,"Normal"
"CIR2","CIR2",1055.58678420667,-0.445533528023239,0.116772568037879,-3.81539547780362,0.000135964999648867,0.000246696763739299,"Normal"
"MEP3","MEP3",3385.23384952041,0.334242799079652,0.0876770102894105,3.81220570793141,0.000137732172413499,0.000249809864037771,"Normal"
"PYC2","PYC2",106211.5185772,0.26431302542103,0.0693419869212597,3.81173135002848,0.000137996813396546,0.000250196461303664,"Normal"
"RRP1","RRP1",468.607758418289,-0.505978542773832,0.132803866863164,-3.80996844990343,0.000138984526947567,0.000251893254919145,"Normal"
"CHS1","CHS1",1780.60068899906,-0.32535504823713,0.0854178887241055,-3.80898021593588,0.000139541121247716,0.000252807721156843,"Normal"
"TVP18","TVP18",2522.17357245236,-0.325904271254323,0.0856283780428478,-3.80603111612418,0.000141214624347985,0.000255744263774453,"Normal"
"FIM1_373","FIM1_373",1747.52783960776,-0.393627895753732,0.103438308999376,-3.80543629880983,0.000141554443619776,0.000256264173453239,"Normal"
"DML1","DML1",452.545435252349,0.435589492418101,0.114492237823465,3.80453295960319,0.000142071994840429,0.000257009613897857,"Normal"
"MET22","MET22",2104.97363166478,-0.328095804896822,0.0862370035178621,-3.80458262129741,0.000142043495873648,0.000257009613897857,"Normal"
"PCF11","PCF11",432.555590110696,0.496398684071504,0.130490323030185,3.80410341965877,0.000142318716378683,0.000257360120165248,"Normal"
"RLP7","RLP7",1518.37282417632,-0.371187768342563,0.0975873133517198,-3.80364778569879,0.000142580866942654,0.000257738256128853,"Normal"
"SIR2","SIR2",6252.5370552632,0.415527360011497,0.109336865212138,3.80043235376542,0.000144443846418816,0.000261008794997778,"Normal"
"NIC96","NIC96",3388.40806538173,-0.370610163899254,0.0975544676151551,-3.7990076001571,0.000145276637895373,0.000262416053358223,"Normal"
"IOC4","IOC4",223.70250042779,0.618342686688638,0.162785863334518,3.79850359252615,0.000145572319565493,0.000262852434325057,"Normal"
"YPL039W","YPL039W",3574.16647273977,0.394693745852904,0.103937189366058,3.79742562080282,0.000146206626854524,0.000263899702780881,"Normal"
"YCK3","YCK3",4946.28076906661,-0.437264945002722,0.115177508340719,-3.79644386566518,0.000146786581364601,0.000264848124341105,"Normal"
"MIT1","MIT1",442.117644488512,0.678731623045257,0.178828598957383,3.7954310831849,0.000147387134184484,0.000265832993690575,"Normal"
"RPS27B","RPS27B",73.9712922144721,0.915551406637105,0.241339502531429,3.79362432189432,0.000148464244052882,0.000267676349481615,"Normal"
"VPS60","VPS60",1716.84012207637,-0.317426510861237,0.0837236181818212,-3.79136159849049,0.000149823631903414,0.000270027087321473,"Normal"
"OSW1","OSW1",222.28299261836,-0.553096343452296,0.146048455704492,-3.78707423357771,0.000152431570904016,0.000274625510946464,"Normal"
"YNL320W","YNL320W",2649.77849532699,-0.403766828597098,0.106637208925759,-3.78635968312151,0.000152870353981035,0.00027531395477904,"Normal"
"HMO1","HMO1",13.05275829443,2.29662898222839,0.606754363194785,3.78510501372547,0.000153643685230439,0.000276604174336682,"Up"
"UBC2","UBC2",1550.22872514345,0.324233082875488,0.0857933639465598,3.77923265810455,0.000157312388779476,0.000282999221428905,"Normal"
"UGX2","UGX2",7224.26872374353,0.407068821109883,0.107709784752592,3.77931143437819,0.000157262632972219,0.000282999221428905,"Normal"
"MDE1","MDE1",600.468729302814,-0.396414898973947,0.104944354791956,-3.77738183020716,0.000158485660345138,0.000285004375876028,"Normal"
"HOS3","HOS3",3840.49216010349,0.2956905181164,0.0783031604935633,3.77622711845337,0.000159221818273721,0.000286222277096564,"Normal"
"SST2","SST2",1238.27359944159,0.340866233982561,0.0903641923886233,3.77213833236755,0.000161854475413187,0.000290847224864154,"Normal"
"STM1","STM1",27.9538486853942,1.51776525066937,0.40250728827784,3.77077706384709,0.000162740009227057,0.000292330389957216,"Up"
"YBR139W","YBR139W",4744.26667971631,0.273192006066419,0.0725192016096975,3.7671678673016,0.000165109984577543,0.00029647798043691,"Normal"
"RRP8","RRP8",728.276749599871,0.400079594420102,0.106275551247134,3.7645496986391,0.000166849482626857,0.000299490814955263,"Normal"
"HIS6","HIS6",484.524768702401,-0.477047436177114,0.12696494017397,-3.75731627584319,0.000171745374475937,0.00030816498322695,"Normal"
"GPN2","GPN2",970.262433037975,0.428003611795374,0.113943433329063,3.75628150996049,0.000172456697059092,0.000309327091550435,"Normal"
"YMR027W","YMR027W",3600.38660870396,-0.314154777102069,0.0836545249234545,-3.75538295614644,0.000173076631097965,0.000310324483581186,"Normal"
"MTR2","MTR2",226.061463653425,0.635641855238496,0.169321955367502,3.75404272800226,0.000174005182536342,0.000311874283269673,"Normal"
"TAF13","TAF13",725.925139668108,0.408839329493521,0.109043598187227,3.74931987104411,0.000177314803584304,0.000317689023088545,"Normal"
"MRPL24","MRPL24",3860.60129251488,-0.345603076186065,0.0922396097988635,-3.74679681472724,0.00017910704622429,0.000320781842095033,"Normal"
"YKL075C","YKL075C",500.856932011626,0.415899896779597,0.111145393347519,3.74194453097303,0.0001826018257922,0.000326920512720817,"Normal"
"RGC1","RGC1",6689.51364111972,0.276641525483767,0.0740145946088758,3.73766183474566,0.000185739534109906,0.000332415615558023,"Normal"
"RIM11","RIM11",16984.8443133315,0.400679199958985,0.107263684656086,3.73545996712365,0.000187372387092476,0.000335214443623837,"Normal"
"TMC1","TMC1",9948.84588793204,0.35565191636974,0.0953779287963649,3.72887019940503,0.000192340188232617,0.000343975331108681,"Normal"
"COX8","COX8",25777.668694858,-0.277031953616303,0.0743182227238116,-3.72764503055779,0.000193277340954539,0.0003455241352826,"Normal"
"FIM1_4737","FIM1_4737",2002.10638776041,0.408956667838956,0.109802661275355,3.7244695446261,0.000195726337957453,0.000349773547677551,"Normal"
"AFG1","AFG1",2917.88702881628,0.30932037164974,0.0831120117349704,3.72172884752336,0.000197863430851689,0.00035346265092219,"Normal"
"MRPL35","MRPL35",6578.54591335755,-0.35871540645643,0.0963961415668948,-3.7212631193075,0.000198228760503418,0.000353985133144473,"Normal"
"GUF1","GUF1",1633.80038155357,0.33169101204845,0.0891531437473777,3.72046344196591,0.000198857527538927,0.000354977489460561,"Normal"
"HSH155","HSH155",1415.01889249028,0.318030412394146,0.0855044806977562,3.71945902482385,0.000199649931545541,0.000356261115453465,"Normal"
"SOL3","SOL3",5187.60282472691,-0.427278792075584,0.114907670504074,-3.71845317376298,0.000200446439026708,0.000357551118660343,"Normal"
"HSL1","HSL1",1029.14740866223,0.409713968291389,0.11019241943768,3.71816836749925,0.000200672511505152,0.000357823021432489,"Normal"
"FMT1","FMT1",748.722394697422,-0.369574955081807,0.0994299594236173,-3.71693760335603,0.000201652220071226,0.000359438054778462,"Normal"
"TPM2","TPM2",26.1525612230719,1.53576666413611,0.413191615509204,3.71683888658652,0.000201730994595974,0.000359446608999574,"Up"
"CTT1","CTT1",52520.8413603156,1.28006200505157,0.344500219243007,3.71570737419074,0.000202635991968228,0.00036092679067948,"Up"
"DCP2","DCP2",3067.07515746564,0.370331892497001,0.0996799394105655,3.71520984750667,0.000203035125850604,0.000361505194762947,"Normal"
"POM152","POM152",1508.17642713584,-0.376150120880629,0.101275578585121,-3.71412463039624,0.00020390828998847,0.000362926879506951,"Normal"
"CMR1","CMR1",459.07826720527,-0.454869789893508,0.122497492838568,-3.71329877333042,0.000204575135700139,0.000363980440998526,"Normal"
"FIM1_4203","FIM1_4203",679.117204026969,0.418804690165912,0.112884655266845,3.7100232017887,0.0002072402537826,0.000368587259564295,"Normal"
"ADE4","ADE4",1891.56919548543,0.317987425809789,0.0858069871258791,3.70584536831832,0.000210686817361396,0.000374580038623865,"Normal"
"CUL3","CUL3",760.746294303692,-0.445398768436466,0.120264313770646,-3.7034990220447,0.000212646001536492,0.000377786808579822,"Normal"
"HSP82","HSP82",25786.6846044308,0.321111113952266,0.0867039301253426,3.7035358545807,0.000212615114863252,0.000377786808579822,"Normal"
"FIM1_4068","FIM1_4068",303.39313637743,0.473429136587067,0.127912711110261,3.70118913497948,0.000214591444211066,0.00038110373809268,"Normal"
"MLH2","MLH2",238.605062561036,-0.543433998227652,0.146958548602863,-3.697872654528,0.000217413905877435,0.000385975216901153,"Normal"
"COX18","COX18",812.225554108568,-0.372552943775989,0.100813085745058,-3.69548200040342,0.000219470029208048,0.000389483152637658,"Normal"
"KIC1","KIC1",4247.26505003793,0.292927077368185,0.0792973301029414,3.69403455309171,0.000220723789412289,0.000391565130614938,"Normal"
"ATE1","ATE1",866.371669374403,-0.386277600208594,0.104594496453984,-3.69309680054282,0.00022153964453388,0.000392869026565739,"Normal"
"atpH","atpH",25149.864457143,0.269557019772243,0.0729953935194506,3.69279493918224,0.000221802869017108,0.00039319231687491,"Normal"
"YDL129W","YDL129W",2923.11082709118,0.3583128261487,0.0971223720774876,3.68929236883574,0.000224878671492971,0.000398499440110994,"Normal"
"HSP104","HSP104",31696.9929381385,-0.307180844156366,0.0832903815135097,-3.68807104223122,0.000225960568508544,0.000400270653438942,"Normal"
"bioA","bioA",2278.35072088839,-0.356996727985127,0.0968174998199011,-3.68731612207719,0.00022663174641289,0.000401313285648772,"Normal"
"MET7","MET7",605.89448098931,-0.456120632933948,0.123720718390188,-3.68669563892639,0.000227184800828257,0.00040214606456266,"Normal"
"LTV1","LTV1",1904.28106494603,-0.381665224962179,0.103618565330069,-3.68336720110352,0.000230173219937189,0.000407287573078952,"Normal"
"SHG1","SHG1",396.072492624028,-0.452019308182133,0.122735460095191,-3.68287459737843,0.000230618622862186,0.000407927152707449,"Normal"
"YMR010W","YMR010W",204.93588176507,-0.639328736071732,0.173724026880092,-3.68013997576173,0.000233105960620379,0.000412176805915,"Normal"
"CCT2","CCT2",1790.51578320847,-0.369050156142304,0.100322302678791,-3.67864518943428,0.000234476197290749,0.000414342365747088,"Normal"
"FIM1_2277","FIM1_2277",13.5653841707538,2.11512154689085,0.574977226501821,3.67861795111314,0.000234501236016565,0.000414342365747088,"Up"
"FET3","FET3",45672.2700139879,-0.334482315138481,0.0909780016893644,-3.67651859710591,0.000236438626009386,0.000417613698211416,"Normal"
"REH1","REH1",2698.41808703304,0.28233356849958,0.0768465198939186,3.67399290025524,0.000238789369945949,0.000421612481310816,"Normal"
"FIM1_2031","FIM1_2031",9246.88963656799,-0.348769619850669,0.0949389902054472,-3.67361838477463,0.000239139804227141,0.000422077845528398,"Normal"
"RTN1","RTN1",18538.970562729,-0.308516613863699,0.0840069068529998,-3.67251486123111,0.000240175179179012,0.000423751341913878,"Normal"
"MSH6","MSH6",2833.50062039424,0.317997992592653,0.08662020258253,3.67117581247482,0.000241437182314344,0.000425733017970867,"Normal"
"FIM1_4081","FIM1_4081",141.200903327454,-0.892278017933984,0.243052207320636,-3.6711372744576,0.000241473594881191,0.000425733017970867,"Normal"
"SEN2","SEN2",177.812614130083,-0.652805318243176,0.177863222046069,-3.67026589720775,0.000242298290408676,0.000427032061333246,"Normal"
"BUR2","BUR2",1107.42329361294,0.409418564522418,0.111563027885614,3.66984091667174,0.000242701461648949,0.000427587527973982,"Normal"
"DNF1","DNF1",7212.86541357979,0.29229856912834,0.079658721430073,3.66938564768365,0.00024313406516471,0.0004278875275456,"Normal"
"YDL186W","YDL186W",69.8916660979113,-0.898570017456689,0.24487873239803,-3.66944899076061,0.000243073832318862,0.0004278875275456,"Normal"
"GLO3","GLO3",4128.82059830787,0.281963193710204,0.0768421123109877,3.66938369118578,0.00024313592581877,0.0004278875275456,"Normal"
"CUE5","CUE5",4500.81758401058,-0.366828664864798,0.100003203890265,-3.66816912453449,0.00024429357557116,0.000429769183092058,"Normal"
"STP22","STP22",72.5715177421446,1.0595896747003,0.288952729211453,3.66700005773228,0.000245412739701448,0.000431581795949814,"Up"
"RTC5","RTC5",1946.33392685205,-0.298915206300594,0.0815275627087927,-3.66643128248891,0.000245958973750196,0.000432385909353184,"Normal"
"RPN4","RPN4",16759.2766313545,0.290146251277435,0.0791935686524521,3.66376028021627,0.000248539408426394,0.000436764190070107,"Normal"
"PRK1","PRK1",1431.13593553239,0.374800309057065,0.102334220606637,3.66251198118527,0.000249754067483576,0.000438740062871546,"Normal"
"PRP31","PRP31",443.229373415386,-0.493859411690818,0.134933543246587,-3.66001959044613,0.000252195966314331,0.000442869606187689,"Normal"
"YNR063W","YNR063W",2235.2508498494,-0.337294639030004,0.0922984702754532,-3.65439034930255,0.000257793806347615,0.000452536165116712,"Normal"
"TLG1","TLG1",222.822139434356,-0.670743251526136,0.183692319401156,-3.65144962899257,0.000260764248175412,0.00045758522278235,"Normal"
"FIM1_3303","FIM1_3303",306.80085810584,0.489459240880258,0.134060629463122,3.65102896234648,0.000261191780768091,0.000458169986553125,"Normal"
"ARC35","ARC35",5659.26151663846,-0.258647208667456,0.0708539072392553,-3.65042971863318,0.000261801940106974,0.000459074567657809,"Normal"
"ATG14","ATG14",2226.48398526221,0.333959380929268,0.0915175609761549,3.64912894713487,0.00026313100785386,0.000461238660592318,"Normal"
"FIM1_4494","FIM1_4494",27.2744432726171,1.40151552588286,0.384196308364636,3.6479151292435,0.000264376933600066,0.000463255506802279,"Up"
"SER2","SER2",676.711435707715,-0.463453444665534,0.127181883092076,-3.64402093598511,0.000268411572403999,0.00047015567062402,"Normal"
"GEP3","GEP3",382.275992642387,0.45399036414824,0.12460665937228,3.64338765227531,0.000269073126766223,0.000471144620885433,"Normal"
"FMP25","FMP25",9578.6767563585,-0.306641329944865,0.0842080990710597,-3.64147075314101,0.000271084925878357,0.000474496273358407,"Normal"
"RPL36B","RPL36B",134.284332568772,0.794849051497683,0.218444478921993,3.63867768789673,0.000274041518279724,0.000479498645056241,"Normal"
"HGT1","HGT1",41999.4896691207,-1.18355718146288,0.32542296829777,-3.6369810885011,0.000275852175631184,0.000482493060256271,"Down"
"NAT3","NAT3",634.745597155645,-0.363726149494048,0.100048403631464,-3.635501780057,0.000277440077979882,0.000485095839836002,"Normal"
"PHR1","PHR1",5842.07206413035,0.309313355011683,0.0850968537608432,3.63483890815728,0.000278154385945006,0.000486169842196686,"Normal"
"MLH1","MLH1",531.40672229223,0.411053611186744,0.113093548129836,3.63463361070639,0.000278375962913657,0.000486207334219072,"Normal"
"MRPL40","MRPL40",2854.96672464361,-0.314593524190564,0.0865537374529107,-3.63466134968138,0.000278346014653311,0.000486207334219072,"Normal"
"FIM1_2619","FIM1_2619",290.320714668687,-0.492017949790811,0.135466731285888,-3.63202053463931,0.000281210738246145,0.000490982025561632,"Normal"
"FIM1_3216","FIM1_3216",769.689053714504,0.380093972344681,0.104667524580941,3.63144130776445,0.000281842759861263,0.000491908753651536,"Normal"
"SAS3","SAS3",239.953614195209,0.580184292683778,0.159857037654925,3.62939474667478,0.000284086534138365,0.000495646847173542,"Normal"
"NOP1","NOP1",2838.51319586126,-0.308024975546519,0.0848989377985987,-3.62813697713428,0.000285473798654984,0.000497888437783406,"Normal"
"NOT3","NOT3",2323.72057699707,-0.327295134643909,0.0904022471722458,-3.62043140388208,0.000294112220145843,0.000512770462033962,"Normal"
"MRP20","MRP20",5509.03467327828,-0.284719580023235,0.078647032285026,-3.62022026452795,0.000294352331487061,0.000513005013879351,"Normal"
"RIO2","RIO2",1327.82332724529,0.401141525176045,0.110851798288048,3.6187191490902,0.000296064726597883,0.00051580441252747,"Normal"
"PET54","PET54",1033.83840672894,0.347794886362405,0.0962382050642462,3.61389622894801,0.000301629824428945,0.000525311583118366,"Normal"
"FIM1_202","FIM1_202",53.3020492269533,0.99396774177969,0.275088639641638,3.61326350326406,0.00030236714397329,0.000526407005577289,"Normal"
"ETP1","ETP1",1786.43927525733,0.345170360946801,0.0955534897998345,3.61232605601181,0.000303462661107842,0.000528125025187323,"Normal"
"FRA1","FRA1",9276.31444797171,-0.269064203843846,0.0745259184481848,-3.61034401784551,0.00030579115396325,0.000531986830328475,"Normal"
"CKA2","CKA2",2083.69903275217,0.31556541732967,0.0874399167476287,3.60894004783265,0.000307450645178785,0.00053468242123254,"Normal"
"FIM1_1823","FIM1_1823",177.009394534223,0.586934102528564,0.162688243238248,3.60772291129255,0.000308896119672179,0.000537004023430096,"Normal"
"SPP382","SPP382",1533.09564830166,0.335579581861641,0.0930732488226721,3.60554279673856,0.000311501147755309,0.000541339083312964,"Normal"
"HTL1","HTL1",411.520105863931,-0.417716230753123,0.115904778672319,-3.60396038487828,0.000313404845809884,0.000544452679939301,"Normal"
"TOA2","TOA2",1109.37767155008,-0.331428952806192,0.0919826280284147,-3.60316898864652,0.000314361004392541,0.000545918556234223,"Normal"
"DSC3","DSC3",1966.39124209122,-0.295189776928263,0.0819358869789791,-3.60269215129135,0.000314938433196779,0.000546725918865006,"Normal"
"RKM5","RKM5",190.829826235348,0.557695545769006,0.154892969796753,3.60052200239172,0.000317578951672229,0.000551112902205486,"Normal"
"MCR1","MCR1",41431.7627616049,0.275687368188859,0.0766215619926298,3.59803899867478,0.000320625550835589,0.000556201196540567,"Normal"
"LUC7","LUC7",1112.95801851155,0.331211264038159,0.0920910038573263,3.59656481268566,0.000322447269675484,0.000559161771360877,"Normal"
"ULP1","ULP1",596.364895649339,-0.445000733800039,0.123832292299089,-3.59357583985638,0.000326170653305465,0.000565416769322602,"Normal"
"MSC6","MSC6",3913.53740357891,-0.337615229546174,0.0939565602563516,-3.59331193718696,0.000326501324605158,0.000565788137038681,"Normal"
"MRM2","MRM2",303.200626531707,0.501258271940451,0.139614312899699,3.59030719365113,0.000330288470391787,0.00057214676564481,"Normal"
"SNF11","SNF11",877.666888039752,-0.440165323020049,0.122762898835953,-3.58549144076695,0.000336444038399843,0.000582602132068724,"Normal"
"TIP20","TIP20",1027.48818358997,0.388236268754531,0.108320493637661,3.58414419761792,0.000338185223227388,0.000585408621183426,"Normal"
"MIM2","MIM2",360.479431509302,-0.473058668107172,0.131992123761311,-3.58399164000596,0.000338382920082474,0.000585542239558669,"Normal"
"RRN10","RRN10",64.4638426586449,0.910791364746743,0.254139789589811,3.58382040929831,0.000338604943877019,0.00058571784346687,"Normal"
"RPS28","RPS28",3307.30837030168,-0.335850225736149,0.0937591171326949,-3.58205405518942,0.000340903229484285,0.000589483555894712,"Normal"
"PXR1","PXR1",246.933227141991,0.536625923514819,0.149835566030511,3.58143221753869,0.000341715798795315,0.000590678429863548,"Normal"
"ERF4","ERF4",282.033059925408,0.607622389383297,0.169721162989586,3.58012152804173,0.00034343444449797,0.000593438110176258,"Normal"
"SPO71","SPO71",1281.96024286943,0.331822232872542,0.0927098384037065,3.57914800182928,0.000344716213733934,0.000595441195354847,"Normal"
"PMP3","PMP3",29.8999185940258,1.3404358839807,0.374713579675221,3.57722793271197,0.000347257352614982,0.000599617440069722,"Up"
"CDC4","CDC4",6944.89965681993,0.285900083248252,0.079960907704887,3.57549822099854,0.00034956155302461,0.000603381735753669,"Normal"
"TFB6","TFB6",2581.80380946437,0.326028893015057,0.0912866770459317,3.57148385246855,0.000354964436520969,0.000612490126795238,"Normal"
"SPC1","SPC1",1018.49269986681,-0.336027032633791,0.0941188729871959,-3.57024071760299,0.000356653327790904,0.000615185843001777,"Normal"
"SEC1","SEC1",474.685657885474,0.417762410673687,0.117072427198355,3.56840992085931,0.000359154289145665,0.000619279876138674,"Normal"
"CSL4","CSL4",825.841035001073,0.368932956467611,0.103533789883195,3.56340627425922,0.000366073438486593,0.000630986462435742,"Normal"
"TAF11","TAF11",680.070892271072,-0.349624559620382,0.0981855382354796,-3.56085596620016,0.000369647820130765,0.000636921545395528,"Normal"
"APN1","APN1",927.126203415449,0.352247713606178,0.0989698050705872,3.5591432493471,0.00037206656235289,0.000640832308399923,"Normal"
"YND1","YND1",1235.78370780731,-0.3256450028699,0.0914974160948047,-3.55906228578612,0.000372181266578428,0.000640832308399923,"Normal"
"FIM1_4324","FIM1_4324",4525.13105488819,0.314610324982923,0.0884470130113897,3.55704861330262,0.000375044772630685,0.000645534024163124,"Normal"
"LSB5","LSB5",2629.83845190781,-0.278865768679448,0.0784086220832309,-3.55657019942822,0.000375728113399599,0.000646481197949239,"Normal"
"ATG27","ATG27",4370.57415353512,0.287606849908346,0.0809087779546496,3.55470515287665,0.000378403173868001,0.000650853459052962,"Normal"
"AIM24","AIM24",5838.38608374729,-0.27432969141278,0.0772753105465481,-3.55003026804444,0.000385186861545859,0.000662286963995516,"Normal"
"PIS1","PIS1",1435.63647723301,0.331610630612543,0.0934178854016716,3.54975526567217,0.000385589433705287,0.000662510275238327,"Normal"
"PHO13","PHO13",4829.38087513175,0.292432455245901,0.0823795780007276,3.54981734967516,0.000385498515444654,0.000662510275238327,"Normal"
"FIM1_5060","FIM1_5060",75.9456625760217,1.00053098417517,0.281953169526601,3.54857150871919,0.000387326812379296,0.000665260156009544,"Up"
"LIN1","LIN1",595.740079289141,0.394410978043156,0.111292164074169,3.54392406081982,0.000394218775024262,0.000676858313725403,"Normal"
"YDR514C","YDR514C",1570.90947502378,-0.289701196242322,0.081848413253052,-3.53948457554881,0.000400909198066336,0.000688102364325088,"Normal"
"COX4","COX4",38159.5596276937,0.263687146554235,0.0745505787228355,3.53702346878584,0.000404663705960889,0.000694301181943488,"Normal"
"ADK2","ADK2",1683.8335027573,-0.398248697164261,0.112598377522068,-3.53689552130722,0.000404859789846568,0.0006943924175307,"Normal"
"UTP25","UTP25",706.027452670257,-0.401961244431456,0.11372021753999,-3.53465068152992,0.000408314556026107,0.000700070722558523,"Normal"
"VPS29","VPS29",252.33275881819,0.508462912948503,0.14388109972282,3.5339103880081,0.000409459878483092,0.000701786789964496,"Normal"
"YOX1","YOX1",417.90674044542,0.473330055038166,0.134019640749351,3.53179617846766,0.000412747357145902,0.000707171864729173,"Normal"
"PEX2","PEX2",884.905906218766,0.429829210246808,0.121798588706869,3.52901634419814,0.000417107368855438,0.000714390097028048,"Normal"
"YMR209C","YMR209C",695.077746849426,-0.370969391488421,0.105208229243514,-3.52604918983837,0.000421808615788738,0.000722187478547384,"Normal"
"TAH1","TAH1",250.395543306515,-0.699551961965098,0.19842268956356,-3.52556435709946,0.000422581486129651,0.000723255879219434,"Normal"
"PML1","PML1",135.929018122244,0.694919726855963,0.197432272592072,3.5197879137611,0.000431892000741362,0.000738930715352914,"Normal"
"MUD1","MUD1",260.465311437975,0.50025030511094,0.142226949446614,3.51726804981297,0.000436013233241268,0.000745719218697403,"Normal"
"CNB1","CNB1",1135.14871349173,-0.31695407760256,0.0901763664593809,-3.51482422775738,0.000440045141425726,0.000752350225963266,"Normal"
"CMG1","CMG1",607.867930120366,0.382445104656625,0.108902439413745,3.51181393837863,0.000445059467011054,0.000760655627930605,"Normal"
"PDI1","PDI1",8388.68431754273,-0.263373167940437,0.075129415876013,-3.50559318037405,0.000455590996807668,0.000778381383083142,"Normal"
"CAT8","CAT8",11217.3054129914,0.379376798041716,0.108236069998247,3.5050865949573,0.000456458789744033,0.000779589897844026,"Normal"
"CKB2","CKB2",2210.64287898543,-0.3046028519523,0.0869573890753132,-3.5028978582658,0.000460225906563907,0.000785747603652152,"Normal"
"TRS23","TRS23",741.968971985769,-0.421337483748936,0.120523304479147,-3.49590052786709,0.000472464792043051,0.000806359825970208,"Normal"
"UTP7","UTP7",507.361280923038,-0.438572589044164,0.125513611865276,-3.49422331591348,0.000475443141237377,0.000811158084014191,"Normal"
"CWC21","CWC21",538.538309276685,0.421540844910235,0.120648261736749,3.49396534058671,0.0004759027981264,0.000811657316987076,"Normal"
"ALB1","ALB1",533.32694862237,0.390639616981537,0.111818676929023,3.49350956128282,0.000476715912714964,0.000812758813993687,"Normal"
"HIS7","HIS7",1165.04241184155,-0.370724571000736,0.106244846521735,-3.48934167762101,0.000484211796111935,0.000825249076572392,"Normal"
"DUS1","DUS1",482.406671193659,0.426403009407797,0.122215258936949,3.48895066881769,0.000484920631668926,0.000826167373520095,"Normal"
"END3","END3",1772.574809162,-0.294792920748384,0.0845097103743722,-3.48827276111197,0.000486151862277224,0.00082797472793727,"Normal"
"AHC2","AHC2",1900.61246641795,0.328189401647092,0.0940941142010758,3.48788449132709,0.000486858358718495,0.000828887443942946,"Normal"
"NOP14","NOP14",695.225078184262,-0.439018376339053,0.125936376509892,-3.48603309469182,0.00049024035110813,0.000834353017875448,"Normal"
"MDL2","MDL2",5619.39096918472,0.272675712450881,0.0782299643119613,3.48556611074907,0.000491096855517395,0.000835518074565484,"Normal"
"RNA1","RNA1",3420.67443175243,-0.286236018198578,0.0822005243746602,-3.48216778878378,0.000497371937775836,0.000845897880872519,"Normal"
"ALG10","ALG10",724.568477368794,0.407335400308812,0.117004795275002,3.48135646365119,0.000498881084001918,0.0008481676652083,"Normal"
"SOL1","SOL1",8133.07735025395,-0.305899335946397,0.0879955573949505,-3.47630431583528,0.000508375072003034,0.000864006462001659,"Normal"
"FIM1_5201","FIM1_5201",1364.1783596256,0.346193534471605,0.0997078017696244,3.47208070308768,0.000516441060104072,0.000877408080785205,"Normal"
"SLD7","SLD7",556.131840676921,-0.375534387654373,0.108320462832917,-3.46688315238858,0.000526530722975996,0.000894237253736583,"Normal"
"HIR2","HIR2",1026.91125437148,0.374407456422565,0.108001015624372,3.46670310698518,0.00052688350335213,0.000894523739618449,"Normal"
"mlo2","mlo2",1655.79543586192,0.322728254342948,0.0931902286761641,3.46311259160473,0.000533964908733696,0.000906229651252892,"Normal"
"BAP3","BAP3",6697.63410553292,0.261257453626751,0.0756167098886415,3.45502275901051,0.000550246372583182,0.000933536007116509,"Normal"
"FIM1_2578","FIM1_2578",572.713186094026,0.386147591128536,0.111771530057966,3.45479381849991,0.000550713793652655,0.000934002905186126,"Normal"
"UTP30","UTP30",293.529347309017,0.44094500372465,0.127648390882737,3.45437181522892,0.000551576354637392,0.000935139395388376,"Normal"
"FIM1_2447","FIM1_2447",753.490197285179,-0.354656537462958,0.102785822645508,-3.45044217514426,0.000559669049305192,0.000948198016239167,"Normal"
"NUT1","NUT1",918.824954281976,-0.487244164232821,0.141209332289154,-3.45050965353403,0.000559529156100789,0.000948198016239167,"Normal"
"VPS33","VPS33",358.682731295152,0.557622739401274,0.16162776983026,3.45004289786888,0.000560497480114111,0.000949270566704241,"Normal"
"UTP20","UTP20",3491.8158286131,0.422929467804487,0.12262524063755,3.4489593301151,0.000562751453401168,0.000952646169881943,"Normal"
"LYS2","LYS2",4045.43995221379,0.299298475361505,0.0867809424031879,3.44889634835897,0.000562882723550331,0.000952646169881943,"Normal"
"MSH2","MSH2",1519.92328165333,0.297539940011267,0.0863564781623745,3.44548488246369,0.000570035851342703,0.00096441650476121,"Normal"
"SPO73","SPO73",768.867928955975,-0.362730138134678,0.105293323461496,-3.44494908328468,0.00057116697120738,0.000965993843751012,"Normal"
"MCM16","MCM16",401.379493839477,-0.413685244694017,0.120099396272069,-3.44452393213425,0.000572065990017977,0.000967177677626078,"Normal"
"YBR242W","YBR242W",222.813231972011,-0.543238084695686,0.157904518879276,-3.4402947334966,0.000581081023159296,0.000982077457923833,"Normal"
"RPC25","RPC25",568.538466780031,-0.453637170882653,0.131895361426317,-3.4393716805278,0.000583066123388935,0.000985089809995422,"Normal"
"CCL1","CCL1",998.474154798228,0.326821752825245,0.0950543187890462,3.43826305831047,0.00058545865014908,0.00098878817555592,"Normal"
"LCB3","LCB3",1160.50235289667,0.339417254562684,0.0987304943272596,3.43781581238341,0.000586426440082443,0.000990078551897356,"Normal"
"YPR010C-A","YPR010C-A",9946.42918380878,0.245832191486366,0.071519381006317,3.43728074862186,0.000587586214601671,0.000991692051667079,"Normal"
"BIO5","BIO5",469.494853068673,-0.405930584378892,0.118130795840064,-3.43628078937583,0.000589759396910162,0.000995014204717527,"Normal"
"NAF1","NAF1",585.072282465177,-0.36714556230832,0.106878258292195,-3.43517538716415,0.000592170441249269,0.000998735221808468,"Normal"
"AIM7","AIM7",276.637150334661,0.488918868313878,0.142558361907234,3.42960498263882,0.00060446054483088,0.00101910957228773,"Normal"
"YDR248C","YDR248C",885.32272264243,0.347646316516584,0.101399200154052,3.42849170396235,0.000606945085089136,0.00102294352009993,"Normal"
"GSH1","GSH1",6086.22043289909,0.292426039766781,0.0853065742679101,3.42794259734778,0.000608174041037962,0.00102465938467526,"Normal"
"COQ2","COQ2",981.806491877608,-0.348015969023891,0.101607071505079,-3.42511563288678,0.000614537805647541,0.00103502225221539,"Normal"
"YHR140W","YHR140W",5827.7196781288,0.306712222115724,0.0895595317375151,3.42467424924294,0.000615536976485208,0.00103634586581484,"Normal"
"MOH1","MOH1",19645.189406343,-0.273657096545958,0.0800564466348048,-3.41830181139947,0.000630131903072269,0.00106055106235821,"Normal"
"FIM1_1372","FIM1_1372",1775.30242099227,0.346281080283635,0.101368691028061,3.41605555691527,0.000635352831504902,0.00106896793915593,"Normal"
"SUI1","SUI1",6009.18387239228,-0.245720331242756,0.0719337679656045,-3.41592465113531,0.000635658330828949,0.00106911174437448,"Normal"
"SOM1","SOM1",1411.49307085185,-0.327236174866543,0.0958344266746881,-3.41459939002247,0.000638758841648584,0.00107395474448805,"Normal"
"DCP1","DCP1",997.813090017192,-0.306577699161622,0.0899170954553453,-3.40955963500706,0.000650678504321506,0.00109310848526733,"Normal"
"MSN5","MSN5",3338.06215226433,-0.294382252286994,0.0863414684890805,-3.40951176113276,0.000650792717538158,0.00109310848526733,"Normal"
"NTE1","NTE1",1964.68753014768,0.311667380045098,0.0914115191838772,3.40949787103055,0.000650825858793658,0.00109310848526733,"Normal"
"ZIM17","ZIM17",1280.17826392129,0.303516706815514,0.0890527817020642,3.4082787871912,0.000653740668069455,0.00109762470841378,"Normal"
"HRK1","HRK1",13438.3189152486,0.285396669370317,0.0837613253266035,3.40726066901991,0.000656184269917376,0.00110134693178878,"Normal"
"FIM1_231","FIM1_231",6528.67653379787,0.342679252322258,0.100584440228221,3.40688133815464,0.000657096877883825,0.00110249783481958,"Normal"
"DIS3","DIS3",3433.91449798534,0.302467763429927,0.0887894753670875,3.40657225622087,0.000657841350919025,0.00110336593859701,"Normal"
"SEC65","SEC65",1484.75831989071,-0.318066394038521,0.0933955266180486,-3.4055848877997,0.000660224843068956,0.00110698154329609,"Normal"
"MAS1","MAS1",12835.4826397366,0.277181862899955,0.0814111327403721,3.40471694189435,0.000662326680638383,0.00111012257372263,"Normal"
"DFR1","DFR1",255.413806546276,-0.473654248286781,0.139156979633679,-3.40374050610786,0.000664698675831587,0.00111371409167782,"Normal"
"RAT1","RAT1",1807.77044096118,0.35186222228938,0.103527133552737,3.39874398348083,0.000676960524549485,0.00113386804163597,"Normal"
"TVP23","TVP23",1184.6043902085,-0.322024248297413,0.0947672041537021,-3.39805580604789,0.00067866574540191,0.00113633247998204,"Normal"
"RPR2","RPR2",1376.33685985657,0.354093671209602,0.104227383348123,3.39731901382304,0.000680495853344842,0.00113900425470292,"Normal"
"CTSD","CTSD",618.36142709063,0.419279894574713,0.12342426397057,3.39706214229228,0.000681134970719936,0.00113968141278518,"Normal"
"ATP3","ATP3",37484.9491411702,0.24584103140809,0.0724391438013523,3.39375948564843,0.000689402110562239,0.00115272018417822,"Normal"
"FIM1_3453","FIM1_3453",9.03116341907715,-2.70897700362903,0.798211404565588,-3.39380894351333,0.000689277623801235,0.00115272018417822,"Down"
"DPH2","DPH2",1221.56181696804,0.35973147707476,0.106047954187299,3.39215857421834,0.000693442950882359,0.00115907784600529,"Normal"
"UBC4","UBC4",8449.53457834199,-0.274332471715728,0.0808825094750504,-3.39174035890108,0.000694502183335497,0.0011604491433381,"Normal"
"FIM1_4099","FIM1_4099",2244.26701660909,-0.410184734286582,0.120940800220748,-3.39161584459414,0.000694817836611932,0.00116057747270449,"Normal"
"ARL8A","ARL8A",1251.33526005449,-0.326917246223875,0.0964213179656988,-3.39050796152956,0.000697632281638355,0.00116487809501057,"Normal"
"ELC1","ELC1",599.351612641062,0.392474028622072,0.115772047276599,3.39005863552179,0.000698776757778731,0.0011663882741487,"Normal"
"FIM1_2706","FIM1_2706",178.372752374784,0.579358169966774,0.171160410663857,3.38488420143241,0.000712082880513396,0.00118819049327424,"Normal"
"NUS1","NUS1",2408.37845301347,-0.487353742254477,0.143997915985221,-3.38444996873773,0.000713210155996341,0.0011892546835917,"Normal"
"MOS2","MOS2",4372.6814897546,0.260313093007591,0.076913786199961,3.38447898444145,0.000713134779069274,0.0011892546835917,"Normal"
"FEN1","FEN1",646.84727681843,-0.410199593732628,0.121205067922469,-3.3843435820276,0.000713486590475806,0.0011893074933523,"Normal"
"PRD1","PRD1",1896.39353484448,0.303397786532875,0.0896620050042747,3.38379435657736,0.000714915278271517,0.00119128029393735,"Normal"
"CWC24","CWC24",197.125804442593,0.519215257904848,0.153513570132325,3.38221081991187,0.000719049390063734,0.00119775830864576,"Normal"
"SAC3","SAC3",995.355832508409,0.368056042180987,0.108879195492275,3.38040743703971,0.000723784495072236,0.00120523264618094,"Normal"
"ILV2","ILV2",12820.2548513453,-0.349201569658035,0.103305320049255,-3.38028641207963,0.000724103302763887,0.00120535044471728,"Normal"
"UPS1","UPS1",10044.2345972976,0.236696184856189,0.0700415072686825,3.379370234684,0.000726520960692387,0.00120896073561791,"Normal"
"ALG2","ALG2",2334.35173758722,-0.26883570987881,0.0795680208454591,-3.37869042138117,0.000728319732449604,0.00121153905510874,"Normal"
"PEX28","PEX28",2354.01910788074,0.279892212814258,0.0828808612433383,3.37704276494538,0.000732696575411697,0.00121840268991288,"Normal"
"TPO5","TPO5",596.178367129493,0.37988607933022,0.112691756102166,3.3710192517172,0.000748906240649256,0.00124493172196878,"Normal"
"RNH70","RNH70",2657.97487679277,0.330476745516292,0.0980804255056839,3.36944649059603,0.000753193136707981,0.00125162977129415,"Normal"
"MRPL20","MRPL20",3423.66026606182,-0.288503342944181,0.0856874420919677,-3.36692677364009,0.000760108687714115,0.00126268995336851,"Normal"
"RUP1","RUP1",4599.92691394826,-0.3112694957956,0.0926107010324212,-3.36105322954667,0.000776458601193029,0.00128940954996477,"Normal"
"NCE103","NCE103",66178.7496793894,0.337109944137081,0.100424413645014,3.35685250131223,0.000788351568109165,0.00130871208385461,"Normal"
"YLR307C-A","YLR307C-A",49763.0227821657,-0.428987426466022,0.127836671282698,-3.35574622024819,0.000791511643065338,0.00131350924646669,"Normal"
"DCS1","DCS1",12577.209110302,-0.30453149533014,0.0907792233126866,-3.35463869613854,0.000794687041853251,0.00131799603179672,"Normal"
"YPR114W","YPR114W",1118.21710528954,0.347740947868887,0.103660493552461,3.35461404776066,0.000794757845886885,0.00131799603179672,"Normal"
"SIM1","SIM1",7342.03356487948,0.35002224513987,0.104395606282145,3.35284460338189,0.000799856010807982,0.00132599807455339,"Normal"
"ATG1","ATG1",23830.9556473046,0.274468031299537,0.0819801709308704,3.34798071512905,0.000814026756570927,0.00134903001711396,"Normal"
"VID30","VID30",6414.16124275115,0.287299118158102,0.0858284190801083,3.3473658403279,0.000815834662612844,0.00135156516387174,"Normal"
"SUP45","SUP45",2447.93727629225,-0.288479071286345,0.0862350208769747,-3.34526586011845,0.00082203732635762,0.00136137674463929,"Normal"
"YNL092W","YNL092W",559.6850251518,0.359715505069515,0.10763832974689,3.34189043917144,0.000832098978489645,0.00137757033610943,"Normal"
"GYP5","GYP5",7399.40557866399,-0.280618038227274,0.0839925200941523,-3.34098843459765,0.000834807004141289,0.00138158284506898,"Normal"
"FIM1_2082","FIM1_2082",32.0688705056318,1.15205664167909,0.345152544819671,3.33781876729605,0.000844388048506121,0.00139696340745361,"Up"
"PHO23","PHO23",3207.08602717048,0.268322871257515,0.0804627800387873,3.334745221681,0.000853775848367547,0.0014120139030694,"Normal"
"ATP16","ATP16",17838.4898617441,0.249119311847572,0.0747374521051207,3.33325936101189,0.000858348866441788,0.00141909395782261,"Normal"
"ASM4","ASM4",1924.42202598735,0.309333245614027,0.0928676701935995,3.3309034777029,0.000865646124764206,0.00143067160552016,"Normal"
"ZRG8","ZRG8",579.682420970231,0.535296526719694,0.160800474592557,3.32894867428751,0.000871744676547393,0.00144026092599244,"Normal"
"SAD1","SAD1",290.80505015462,-0.430436563880115,0.129439617600109,-3.32538500855208,0.000882965141912944,0.0014583030674898,"Normal"
"ROT2","ROT2",3304.05778679977,0.312275842161655,0.0939288712115633,3.3245991156254,0.000885457535072605,0.00146192258339035,"Normal"
"SNU71","SNU71",922.114088055094,-0.307812407060731,0.0926108542180083,-3.32371847403688,0.000888258163541476,0.00146604837522012,"Normal"
"ECM3","ECM3",4212.58942984027,0.334361242279847,0.10063667599065,3.32245912326151,0.000892277437739882,0.00147218202715725,"Normal"
"FCY1","FCY1",5006.67128528937,-0.252015168671976,0.0759074082910434,-3.32003389847934,0.000900065183215416,0.00148452706220085,"Normal"
"SLD2","SLD2",154.073660587788,0.614854020760535,0.185572979040448,3.31327342989154,0.000922107837584201,0.00152036714720788,"Normal"
"SCP160","SCP160",5256.32975344109,-0.308155018759586,0.0930152925833116,-3.31295005585859,0.000923174637709125,0.00152078875432022,"Normal"
"YPQ1","YPQ1",580.951511001936,-0.383765759654642,0.115838730758322,-3.31293132393952,0.000923236468711182,0.00152078875432022,"Normal"
"YJR012C","YJR012C",290.702645084206,0.454830129300469,0.137290161149999,3.3129113221998,0.000923302495419769,0.00152078875432022,"Normal"
"CBP4","CBP4",2194.97153727251,0.264662989101193,0.0799116880459546,3.31194341619957,0.000926502833562644,0.0015252162326061,"Normal"
"DBP10","DBP10",552.330821087029,0.35917133416625,0.108448445496936,3.31190855268088,0.000926618299784566,0.0015252162326061,"Normal"
"SPP381","SPP381",1752.48652367123,0.342880823455896,0.103613267989978,3.30923664611236,0.000935507292246864,0.00153932608636218,"Normal"
"MUK1","MUK1",2627.99761670901,0.26775068949243,0.080979296714024,3.30640917317402,0.000944999814859682,0.00155441912674448,"Normal"
"VPH2","VPH2",1178.62885646039,-0.300428966466435,0.0908949486068086,-3.30523281074754,0.000948975373477998,0.00156043023341103,"Normal"
"YCH1","YCH1",1201.87834411109,-0.299396041482971,0.0906143701950701,-3.30406800641495,0.000952927131085066,0.00156639814950688,"Normal"
"NGL2","NGL2",1130.7409830859,-0.37146306828506,0.112504868463581,-3.30175105626923,0.000960833053767086,0.00157885959021112,"Normal"
"RMI1","RMI1",404.28213646122,0.404137954090378,0.122427388282176,3.30104202793988,0.00096326452075299,0.0015823199142457,"Normal"
"OMA1","OMA1",1464.47360060443,-0.313162016821397,0.0949058984928805,-3.29971078504557,0.00096784514577916,0.00158930705080802,"Normal"
"FUN12","FUN12",3010.3951454418,0.281621566282236,0.0853680387496801,3.29891104922791,0.00097060661838983,0.00159330322930952,"Normal"
"DFG10","DFG10",471.910397771402,-0.406200798359561,0.123143898307552,-3.29858648249931,0.000971729421270062,0.00159460765212808,"Normal"
"VHR1","VHR1",2085.97612222208,0.29033776365803,0.0881031496428932,3.29543001396488,0.000982711779407795,0.00161208525865715,"Normal"
"TAF5","TAF5",2040.91716466236,-0.268162334377925,0.0814696556818486,-3.29156091471823,0.000996330367196488,0.00163381066765193,"Normal"
"MPP6","MPP6",218.466943864833,0.487598275507575,0.148139660185638,3.29147694072304,0.00099662786970988,0.00163381066765193,"Normal"
"IRC20","IRC20",5302.18821422121,-0.327283082235202,0.0994512298059437,-3.29089024714747,0.000998708699454036,0.0016366696696955,"Normal"
"DER1","DER1",1118.936016204,-0.333736926881491,0.101491689186032,-3.28831778796942,0.00100788002344086,0.00165114262774751,"Normal"
"YNL011C","YNL011C",480.215371049732,0.364089162463534,0.11085850417698,3.28426912456156,0.00102247233935557,0.00167448368619101,"Normal"
"CDC37","CDC37",6144.96013219853,0.269774658860998,0.0821633008324735,3.28339606768056,0.00102564455856144,0.00167911284031335,"Normal"
"RPF2","RPF2",489.16974050067,-0.366946750319277,0.111932181946385,-3.27829533864571,0.00104436065123474,0.00170917763703253,"Normal"
"FIM1_4962","FIM1_4962",834.730478603138,-0.375783751234439,0.114723010924807,-3.27557434384929,0.00105447356806716,0.0017251471606863,"Normal"
"MET14","MET14",1123.27193586636,0.331892306644551,0.101332539406101,3.27527868727791,0.00105557785277513,0.00172637253000147,"Normal"
"DRS1","DRS1",723.28616169484,-0.349397966227181,0.106848104101919,-3.27004366772762,0.00107530883302299,0.0017580503430884,"Normal"
"FIM1_4076","FIM1_4076",47.4136933334212,0.928697759709973,0.284040814300586,3.26959265342472,0.001077024586588,0.00176026319079418,"Normal"
"SFP1","SFP1",4170.44986887981,0.365560035164069,0.112103551374102,3.26091395574219,0.00111053734308966,0.0018144253362719,"Normal"
"PCL6","PCL6",3281.6294120319,-0.250400703340475,0.0768504234306333,-3.25828658011874,0.00112087150634481,0.0018306939997746,"Normal"
"ALG14","ALG14",1228.91529392979,-0.339568468737701,0.104246317429046,-3.25736656327285,0.001124511143454,0.00183602138643918,"Normal"
"RAM1","RAM1",234.603569574393,0.493190257705138,0.151422376736081,3.25705003669792,0.00112576586407595,0.00183745258096911,"Normal"
"CAJ1","CAJ1",6302.56938465366,0.278244217636171,0.0854750439241713,3.25526849548055,0.00113285212235717,0.0018483977375868,"Normal"
"YMR090W","YMR090W",8854.58705553885,-0.269953723841311,0.082946049359993,-3.25456999970774,0.00113564169473667,0.0018523272892667,"Normal"
"UPC2","UPC2",1003.344327711,0.326166013593109,0.100411704557904,3.2482867911581,0.00116102183862353,0.00189308896438648,"Normal"
"MTR10","MTR10",2237.56327135652,-0.271237532710924,0.0835177440112873,-3.24766354649458,0.00116356771925237,0.00189660367254185,"Normal"
"GZF3","GZF3",1416.77701310566,0.273205110686673,0.0841841409818468,3.24532753438187,0.00117315602973588,0.00191159126374468,"Normal"
"MRP1","MRP1",2177.31082093844,-0.326887680828669,0.100771585989347,-3.24384773365803,0.00117926768575615,0.00192090569396216,"Normal"
"TAD1","TAD1",679.280553131805,-0.323307839245689,0.0996871656124248,-3.24322431337533,0.00118185124173414,0.00192446889530368,"Normal"
"LSM4","LSM4",1767.64702011725,-0.276758578354112,0.0853558717274105,-3.24240819937916,0.0011852412566506,0.00192934246769355,"Normal"
"POP7","POP7",307.214517340355,0.428313950946987,0.132158367354891,3.2409143629689,0.0011914697126094,0.00193883165893137,"Normal"
"RRF1","RRF1",1590.34625555053,-0.345600419855698,0.106649569074571,-3.24052335939633,0.00119310496316274,0.00194084265684892,"Normal"
"MUS81","MUS81",355.38044337366,0.419244373926556,0.129506595453387,3.23724341960215,0.00120690416071101,0.00196263297084832,"Normal"
"SNA4","SNA4",4051.90430654121,0.294352752828801,0.0909556258096136,3.23622371028411,0.00121122417995149,0.00196899909347082,"Normal"
"CMP2","CMP2",4704.87509463708,0.270233518551775,0.0835248978668246,3.23536484872626,0.00121487384126014,0.0019742715701281,"Normal"
"SPS19","SPS19",37342.0357938612,-0.257873063299382,0.0797562438740686,-3.23326489279701,0.00122384025402639,0.00198782292960966,"Normal"
"RXT2","RXT2",1457.87329986342,-0.301308783188195,0.0931915385969117,-3.23322039451959,0.00122403091281994,0.00198782292960966,"Normal"
"PHB2","PHB2",21876.8123273168,0.246340380035542,0.0762094852450683,3.23241102132341,0.00122750357090987,0.00199279647545975,"Normal"
"YGR067C","YGR067C",1333.69744561892,-0.411629325917799,0.127432039107962,-3.23018707696469,0.00123709242562655,0.00200769275087489,"Normal"
"BET2","BET2",669.444808516503,-0.34575111674938,0.107061141090003,-3.22947348803912,0.00124018379477421,0.00201203774918461,"Normal"
"ESC2","ESC2",214.478913202374,0.532043009446197,0.164864148444569,3.22716014649529,0.00125025463685539,0.00202769935930586,"Normal"
"ASH1","ASH1",612.169290039463,0.443568331941503,0.137513086358112,3.22564450910774,0.00125689366045819,0.00203778655194072,"Normal"
"TRM10","TRM10",640.946327195693,0.319078025009012,0.0990276068044649,3.22211184643741,0.00127249451111992,0.00206239187109129,"Normal"
"YNL115C","YNL115C",9212.55647704664,0.300516034113818,0.0932942990990063,3.22116181820395,0.0012767203963635,0.00206855098563862,"Normal"
"GNA1","GNA1",2018.21838853081,0.296975622841324,0.0922782919242022,3.21826094359507,0.00128970427915666,0.00208889103080741,"Normal"
"YHR138C","YHR138C",16431.8401109664,0.25072324593959,0.078056694904166,3.21206587400882,0.00131784154073381,0.00213375276455368,"Normal"
"DPB4","DPB4",183.241546748721,-0.568471677934191,0.177115637283292,-3.20960750080433,0.00132916333977695,0.00215065090508699,"Normal"
"GPI8","GPI8",569.730592851916,-0.388400037312448,0.121010551733123,-3.20963776918418,0.00132902339767274,0.00215065090508699,"Normal"
"YGL082W","YGL082W",3706.4398663753,0.251050659207347,0.0782419419029327,3.20864555635393,0.00133361785916121,0.00215714020561395,"Normal"
"CDC40","CDC40",588.127139717775,0.409831757554326,0.12773358086228,3.20848875282218,0.00133434528057774,0.00215759857515049,"Normal"
"MRP17","MRP17",2476.23678960269,-0.287453567111805,0.0896552645557471,-3.20620956879859,0.0013449599729188,0.00217403875862024,"Normal"
"PMT1","PMT1",6931.46665378182,-0.281254026581808,0.0877901808712978,-3.20370710927379,0.00135670419552175,0.00219229321118729,"Normal"
"LRE1","LRE1",3815.32181634464,0.422919462422438,0.132078981420633,3.20201941197262,0.00136467801450739,0.00220444497090805,"Normal"
"SLS1","SLS1",1360.34232947113,0.279948855401903,0.0874561982402733,3.20101789278312,0.00136943028027893,0.00221138641803766,"Normal"
"TRM44","TRM44",496.658219063809,0.468132529482813,0.146254469919223,3.20080835643085,0.00137042647104467,0.0022122598746864,"Normal"
"FIM1_3105","FIM1_3105",36.3329710446702,1.18832552163646,0.371434552651529,3.19928642382206,0.00137768222025403,0.00222323411099779,"Up"
"SPO11","SPO11",91.0209636086318,0.717967243528599,0.22454043802606,3.19749640572659,0.00138626138934716,0.00223633601953448,"Normal"
"FIM1_3188","FIM1_3188",435.452818360256,0.384937707841125,0.12045538662107,3.19568695630081,0.00139498373859402,0.00224966013469245,"Normal"
"BRO1","BRO1",2101.86970279283,0.282150206326761,0.0883509941825488,3.19351478653187,0.00140552139255287,0.00226590193975262,"Normal"
"PNG1","PNG1",1551.00388640003,0.299481390415192,0.0938795805848935,3.19005888766596,0.00142243806174923,0.00229241344677927,"Normal"
"SNU56","SNU56",837.840362094784,0.31799200177104,0.099793483017803,3.18650068275812,0.00144005147881986,0.00232002988580427,"Normal"
"CAB3","CAB3",3617.29590502304,0.25055481615416,0.0786767581480555,3.18461032269099,0.00144949048484391,0.00233446279942213,"Normal"
"SAG1","SAG1",3377.17610437173,-0.303560543530373,0.0953407948355042,-3.18395230555943,0.00145278947376932,0.00233900068026677,"Normal"
"PAL1","PAL1",449.945305638165,-0.360459620629191,0.113225499214159,-3.18355514553665,0.00145478399511479,0.00234066073915986,"Normal"
"MRPS18","MRPS18",3709.83679567248,-0.299524004173014,0.0940845098458317,-3.18356342254233,0.00145474240259496,0.00234066073915986,"Normal"
"FIM1_280","FIM1_280",10.5277690183628,2.04348626608392,0.643613820663842,3.17501924364552,0.00149826564747107,0.00240982217181793,"Up"
"KIN28","KIN28",526.890401789485,0.357162914513757,0.112527715354107,3.1739995199389,0.00150353939453034,0.00241750427466013,"Normal"
"GAD1","GAD1",18557.1801012103,-0.287794539567354,0.0907026043795346,-3.17294681377738,0.00150900165396549,0.00242548429924523,"Normal"
"LEU4","LEU4",17699.1431764091,-0.293694580317385,0.0926960891306196,-3.16835999309027,0.0015330156657266,0.0024632682274357,"Normal"
"DOT1","DOT1",747.743018989204,0.320160116292684,0.101250534558996,3.16205852825533,0.00156658074219319,0.00251636886820387,"Normal"
"YER034W","YER034W",183.112032509202,-0.53140296165786,0.168115106726883,-3.16094711536642,0.00157257047270803,0.00252515529639403,"Normal"
"ALY2","ALY2",7501.00394292048,0.384283865699154,0.121650917491488,3.15890643180757,0.00158362324969896,0.00254206322110579,"Normal"
"CPD1","CPD1",2348.72243034878,0.28339483732071,0.0897664307611638,3.15702467969036,0.00159387855687236,0.00255768028660594,"Normal"
"SEC2","SEC2",884.171746054829,0.317254874812549,0.100500802878449,3.15673970481862,0.00159543695288747,0.00255933580524273,"Normal"
"FIM1_1023","FIM1_1023",26.2942315354276,1.21300464711942,0.38447315748298,3.15497876382468,0.00160509788033168,0.00257398369654509,"Up"
"YFT2","YFT2",354.936066729611,0.397153679793433,0.125894234845944,3.15466137332999,0.00160684487453421,0.00257593508589961,"Normal"
"YGR149W","YGR149W",2265.74808313849,0.27679014600248,0.0878508073409223,3.15068414713984,0.00162888537499219,0.0026104070043163,"Normal"
"SLI15","SLI15",1173.07133683129,0.315052632557636,0.10000730639035,3.15029615264226,0.00163105034339991,0.00261291770923768,"Normal"
"TTI1","TTI1",972.629036019338,0.988962284428331,0.313935282467437,3.15021069519611,0.00163152754266868,0.00261291770923768,"Normal"
"PXA2","PXA2",1721.1293675584,0.316725191959365,0.100556378558896,3.14972751105846,0.00163422808840509,0.00261638032341362,"Normal"
"LEA1","LEA1",192.947072396131,0.561141105711744,0.178175458693401,3.14937371188329,0.00163620810181456,0.00261868747256817,"Normal"
"CCH1","CCH1",4363.9456564307,0.298732803464835,0.0949134700428404,3.14742262958037,0.00164716691582538,0.00263535859203013,"Normal"
"CLB2","CLB2",590.494053367607,0.368663703111043,0.117425096985535,3.1395648168505,0.00169198979347998,0.00270618117396947,"Normal"
"COG7","COG7",144.920266940643,0.551347304169292,0.175620358758419,3.13942704631254,0.00169278558410228,0.00270656306454524,"Normal"
"MRPL36","MRPL36",1327.57652629095,0.318364807166692,0.101423459415182,3.13896616229044,0.00169545024684194,0.00270993182546217,"Normal"
"RTG3","RTG3",4719.37412531685,-0.281616107707174,0.0897770070849928,-3.13684000894087,0.00170779291373806,0.00272876217292116,"Normal"
"FIM1_232","FIM1_232",5.07281635154252,3.89045544644868,1.24360584301678,3.128366972779,0.00175780560903233,0.00280775064243527,"Up"
"GIN4","GIN4",1569.13898074847,-0.29606181858221,0.094769323843469,-3.12402586169357,0.00178394776340148,0.00284857120682478,"Normal"
"YML037C","YML037C",1642.47625267707,0.304909365196921,0.0976986274766013,3.12091759190728,0.00180288478534144,0.00287786372272473,"Normal"
"NOP16","NOP16",596.820291284999,0.413928410330558,0.132676286227456,3.11983717739077,0.00180951032362577,0.00288749118637032,"Normal"
"YSP2","YSP2",7044.53427883463,0.277633763818322,0.0889982295292813,3.11954254918046,0.00181132098198743,0.00288943159930299,"Normal"
"MATALPHA1","MATALPHA1",287.060716066018,0.423308445120229,0.135707821707241,3.11926342781791,0.00181303787771702,0.00289122121687791,"Normal"
"DEG1","DEG1",1047.70152500361,-0.282376949336029,0.0905791247052357,-3.11746166961698,0.00182415665782451,0.00290799776915002,"Normal"
"IMP2'","IMP2'",7633.46210924312,0.286041223339106,0.0919012510546207,3.11248454244763,0.00185519728916062,0.00295651152116479,"Normal"
"PLP1","PLP1",252.013776007508,0.456068052962162,0.146713947700351,3.10855280026707,0.00188006049273354,0.00299515210957124,"Normal"
"YER079W","YER079W",3961.98229975155,-0.300729576033923,0.0968335412200764,-3.10563439325684,0.0018987131685446,0.00302288574245027,"Normal"
"NUP42","NUP42",1617.59458274714,-0.300585830985512,0.0967848721481331,-3.1057108855344,0.00189822211535768,0.00302288574245027,"Normal"
"NPL6","NPL6",675.839202914436,0.343488014520928,0.110775906980764,3.10074657823001,0.00193033419521467,0.00307222202900364,"Normal"
"TRS120","TRS120",1323.15454092218,-0.336388642967771,0.108762117611024,-3.09288427217673,0.00198221418265204,0.00315375858333539,"Normal"
"FIM1_4971","FIM1_4971",4803.32799294927,-0.349286318498264,0.112957873710679,-3.09218212971056,0.00198690902414137,0.00316019343643303,"Normal"
"FIM1_4964","FIM1_4964",201.244203922584,0.492788131710802,0.159457188353679,3.09041026496585,0.00199880192286222,0.00317806889502209,"Normal"
"RRP14","RRP14",1222.66543628526,0.295557947009378,0.0957511482036804,3.08673005550462,0.00202371282631578,0.00321557247320745,"Normal"
"FUI1","FUI1",3291.06881706607,0.334246666010892,0.108284407760125,3.08674787926371,0.00202359149589824,0.00321557247320745,"Normal"
"USE1","USE1",587.682343638954,0.33653730098864,0.109043882308098,3.08625567858791,0.00202694447296799,0.00321965452571149,"Normal"
"LSM5","LSM5",947.887512036059,-0.315510043937634,0.102373100782709,-3.08196236633799,0.002056408342573,0.00326483769006276,"Normal"
"ATO3","ATO3",1118.89945062106,0.500851276251301,0.162512991970239,3.08191529907357,0.00205673351909489,0.00326483769006276,"Normal"
"gcp","gcp",828.920892828589,0.324614744623155,0.105396753268775,3.07993116064349,0.00207048444451101,0.00328559239578021,"Normal"
"HOS1","HOS1",421.469059634074,-0.347867985897196,0.113441013054522,-3.06650986737929,0.00216573659943704,0.00343562328980234,"Normal"
"FIM1_3023","FIM1_3023",2302.35792163706,0.268425822467363,0.0875859246226176,3.06471414926465,0.00217878129482822,0.00345518874398508,"Normal"
"BLI1","BLI1",474.183641873424,-0.337155162905743,0.110077511041908,-3.06288868375107,0.0021921158734987,0.00347520098836221,"Normal"
"YHR202W","YHR202W",1213.95558365406,0.283414687165555,0.0926609557774818,3.05862037346295,0.00222358727259943,0.00352394343038508,"Normal"
"MNL2","MNL2",764.794913887034,0.340672620312662,0.111431900751849,3.05722704193404,0.0022339499802987,0.0035392119185756,"Normal"
"FIM1_801","FIM1_801",295.056863459743,0.416792895586814,0.136460635370385,3.05430862501515,0.00225579886064258,0.00357266188522238,"Normal"
"STN1","STN1",332.937866383793,0.394875970800528,0.129402808750339,3.05152550098332,0.00227681707398981,0.00360477489818068,"Normal"
"FAP7","FAP7",790.213316766279,-0.357955122389123,0.117337924144206,-3.05063452417314,0.00228358356542671,0.00361431027505158,"Normal"
"FIM1_1463","FIM1_1463",388.382031222044,-0.376001495862129,0.123293203135084,-3.04965307333422,0.00229105847714416,0.0036249603192587,"Normal"
"FIM1_3291","FIM1_3291",140.377150813253,0.740876967719504,0.242997355818487,3.04890958678958,0.00229673592148769,0.00363276036539996,"Normal"
"DMC1","DMC1",960.460981040163,0.436689216696095,0.143320495336081,3.04694186042322,0.00231182420328927,0.00365543566670438,"Normal"
"ADH4b","ADH4b",69989.417806964,-0.263961555237937,0.0867059297714525,-3.04433106171298,0.00233198362472282,0.00368611204701632,"Normal"
"tRNA-Pro","tRNA-Pro",21.8324445861686,1.32139422480346,0.435379217940763,3.03504202854083,0.00240502169961505,0.00380032534583074,"Up"
"LSM1","LSM1",1435.74089671618,0.29607420264977,0.0975594016484401,3.03480953805649,0.00240687630270857,0.00380201949117715,"Normal"
"DBP9","DBP9",694.18192209973,-0.328351062916188,0.108212128383579,-3.03432773960682,0.00241072383195168,0.0038068596358314,"Normal"
"YIL067C","YIL067C",978.611433014745,0.288102022866068,0.0950248848023974,3.03185869117517,0.00243052956826549,0.00383688861994868,"Normal"
"YPK1","YPK1",10292.4409101444,-0.253125853017733,0.0835051795672327,-3.03125931025551,0.00243535997707877,0.00384326538766669,"Normal"
"DPH1","DPH1",263.690040806514,0.452692852393678,0.149538071069719,3.02727492173294,0.00246769411457378,0.0038930278255565,"Normal"
"PIK1","PIK1",2593.87229365022,0.239516038065627,0.0791831421614654,3.02483624073948,0.00248767781722553,0.0039232802706585,"Normal"
"CBF2","CBF2",371.902686507852,0.407942759411704,0.134950762406984,3.02290073902238,0.00250364349778783,0.0039471783762982,"Normal"
"ISC10","ISC10",508.766378386092,-0.341935283768512,0.113218552589535,-3.02013473894311,0.00252662257363993,0.00398211452653793,"Normal"
"PMP47A","PMP47A",1276.48794676106,-0.254732870452044,0.0844039062113522,-3.01802229169558,0.00254430188316945,0.00400867796702994,"Normal"
"RMD1","RMD1",1250.18981931865,0.3021574072103,0.100137899021036,3.01741308899265,0.00254942134745203,0.0040154419213191,"Normal"
"TPO1","TPO1",39981.5457785604,0.226386701223094,0.0751158188073465,3.01383523227937,0.00257967865242595,0.00406178177969465,"Normal"
"KSS1","KSS1",1003.59212138928,-0.281223782056622,0.0933620155949046,-3.01218627580669,0.00259373382645947,0.0040825891359788,"Normal"
"IST2","IST2",3949.1618047085,0.224339308996341,0.0745052224263674,3.01105481858071,0.00260341847085453,0.00409650594231935,"Normal"
"CUE3","CUE3",596.810361358551,-0.330800295547427,0.1100837419272,-3.00498774620315,0.00265591549215865,0.00417775764855904,"Normal"
"TCD2","TCD2",806.303176531945,0.28705850754051,0.0957511954424762,2.99796264907172,0.00271790981140288,0.00427389118886944,"Normal"
"SLX8","SLX8",2002.67844114307,0.267799224874958,0.0893731584866195,2.99641670284095,0.00273172858280592,0.0042942313762064,"Normal"
"FIM1_4301","FIM1_4301",62.0175210399303,-0.812861485732441,0.271310273175716,-2.99605863138837,0.00273493842304369,0.004297886739188,"Normal"
"FRS1","FRS1",2101.71558025151,0.247478698522164,0.0826854141386867,2.99301516597683,0.002762360219456,0.00433957591540145,"Normal"
"ELF1","ELF1",699.318646095637,0.364320504036081,0.12235584872063,2.97754874691701,0.00290563434605006,0.00456317947235205,"Normal"
"ICL1","ICL1",129051.124127998,-1.04053294103438,0.349546873630485,-2.97680517129829,0.00291269041416931,0.0045727827859285,"Down"
"LSB6","LSB6",3945.50728264936,-0.235800094515859,0.0792516992794236,-2.97533171729835,0.00292671879176209,0.00459332254818217,"Normal"
"YJR030C","YJR030C",558.653425558954,0.327120474261923,0.110032679577402,2.9729392714808,0.00294962804785788,0.00462778259106924,"Normal"
"FIM1_65","FIM1_65",185.652353517784,0.458359843187445,0.154196653499337,2.97256673725033,0.00295320999808283,0.00463190683688976,"Normal"
"CHL4","CHL4",212.275805091299,-0.441586860596109,0.148598624731281,-2.97167528565391,0.00296179750441291,0.00464387675829052,"Normal"
"fap2","fap2",3926.70349167885,0.237659097720297,0.0801369166122429,2.96566311466979,0.00302031133785279,0.00473409444858926,"Normal"
"TYS1","TYS1",2848.48210485452,-0.221123818092337,0.0746013326057776,-2.96407329961305,0.00303595961300294,0.00475708731363473,"Normal"
"RAD50","RAD50",831.003052402153,0.326575803167399,0.110241231763337,2.96237440333109,0.00305276325854435,0.00478187513644971,"Normal"
"MTH1","MTH1",14556.7075587399,-0.319367542082093,0.107877617695598,-2.96046157585037,0.00307178436750095,0.0048101193173339,"Normal"
"LAC4","LAC4",61108.2286941822,-1.26312901256548,0.426865272120951,-2.95908122553379,0.0030855776057454,0.00483016159352993,"Down"
"SWD1","SWD1",212.161863817286,-0.460301468997967,0.155658351167898,-2.95712671722618,0.00310520476462014,0.00485932043519783,"Normal"
"REX3","REX3",257.592901862948,-0.475307500508845,0.160776748690657,-2.95631989314178,0.00311334002838031,0.00487048267801027,"Normal"
"NCL1","NCL1",1360.71827712894,-0.301863890905189,0.102162497452132,-2.95474267400936,0.0031292993868897,0.00489387374344932,"Normal"
"OCA5","OCA5",2120.37517328036,-0.261752882127157,0.0885944296804993,-2.95450721982323,0.00313168825756284,0.00489603386212929,"Normal"
"PEP12","PEP12",2268.15898128115,0.251104977492592,0.0850593701345325,2.95211423615572,0.00315606146869083,0.00493096549079381,"Normal"
"PRM4","PRM4",7411.47368748838,0.211473325000431,0.0716344771934429,2.95211654060607,0.00315603791427099,0.00493096549079381,"Normal"
"YJR107W","YJR107W",104.808907379042,-1.61388957922958,0.546739605958093,-2.95184318392563,0.00315883308609988,0.00493370940705861,"Down"
"ATG11","ATG11",2520.49023090868,0.318233783584556,0.107824503190565,2.95140505328481,0.00316331783888174,0.00493912640717429,"Normal"
"mge1","mge1",8544.28955705547,-0.229842375655451,0.0779201590471144,-2.94971645933727,0.00318065681032218,0.0049646037395938,"Normal"
"YGR012W","YGR012W",1468.26694842046,-0.24335763198236,0.0826048096771382,-2.94604676087901,0.00321863738143261,0.00502227329363554,"Normal"
"CDC13","CDC13",938.956515887254,0.273501379272603,0.0929517338131007,2.94240212692037,0.00325676715060445,0.00508013855049343,"Normal"
"LAS17","LAS17",822.832346585796,0.371517111346696,0.126353595124917,2.94029711603697,0.00327897658515867,0.00511314095869254,"Normal"
"SSH4","SSH4",4278.95268029395,0.216769359772349,0.0737294210907831,2.94006594064316,0.00328142404737476,0.00511531583131022,"Normal"
"RTS2","RTS2",314.564703062146,0.372602587425135,0.126750927380125,2.93964387580143,0.00328589675616762,0.00512064539391227,"Normal"
"RER1","RER1",2346.61313920167,-0.279120999575421,0.0950018769970956,-2.9380577352588,0.00330275511205276,0.00514526678084783,"Normal"
"DLT1","DLT1",350.303072128616,-0.39207299381543,0.133613429108987,-2.93438314120072,0.00334211375719682,0.00520491370071133,"Normal"
"TOM40","TOM40",7338.92022634643,0.238714121204716,0.0813594337909548,2.93406812316404,0.00334550772114668,0.00520852996381023,"Normal"
"YDR415C","YDR415C",4992.29916173227,-0.242168486609989,0.082580870012635,-2.93250103290189,0.00336243804051746,0.00523321154352156,"Normal"
"SAF1","SAF1",7207.0041705799,0.287605533151071,0.0980787738970607,2.93239323579768,0.00336360550740535,0.00523335227681159,"Normal"
"TEF4","TEF4",1993.36844694058,-0.33482809400265,0.114259478947719,-2.93041852707778,0.0033850574636852,0.00526504296288297,"Normal"
"UBP3","UBP3",3295.42120146668,0.257843793621791,0.0880317488604875,2.92898638229284,0.00340069320663466,0.0052876698531321,"Normal"
"RHO4","RHO4",274.087406762501,0.413670384173651,0.141259537077822,2.92844216207331,0.00340665206597588,0.00529354729407637,"Normal"
"LDS1","LDS1",4470.96556767572,0.889245361526668,0.303648565157348,2.92853470611945,0.00340563809822437,0.00529354729407637,"Normal"
"SEC3","SEC3",5312.87752050241,0.257761055282053,0.088061241023362,2.92706589512713,0.00342176373789792,0.00531532928466944,"Normal"
"RPB11","RPB11",552.537066796541,0.352304035953091,0.120396615690863,2.92619550750237,0.0034313522326205,0.00532852045327677,"Normal"
"HSE1","HSE1",3816.51793190584,-0.230491889792707,0.0787883564785924,-2.92545624879653,0.00343951536707975,0.00533949046921422,"Normal"
"EDC1","EDC1",2808.56152859177,-0.240424753295689,0.0822083085425198,-2.92457973601703,0.00344921700807226,0.00535160981646559,"Normal"
"TRX2","TRX2",8534.70145952625,0.281228708096962,0.0961612968997852,2.92455194723554,0.00344952499386092,0.00535160981646559,"Normal"
"SLD3","SLD3",270.001826254855,0.390813009824237,0.133706095428968,2.92292590379215,0.00346759023719351,0.00537791923476645,"Normal"
"MPE1","MPE1",1163.30326391356,-0.307498335099499,0.105221408737437,-2.92239325427406,0.00347352663709456,0.00538540712496569,"Normal"
"NVJ2","NVJ2",4036.98279494587,0.235060512355167,0.0804508948903987,2.92178865972093,0.00348027607383101,0.00539415038046089,"Normal"
"TUB4","TUB4",1107.32175189866,0.262473911438756,0.0898408961048744,2.92154155644619,0.00348303806409561,0.00539670980658182,"Normal"
"YAT2","YAT2",59924.8014304153,-1.11399230504581,0.38162021607726,-2.91911240053457,0.00351029627469657,0.00543721058296163,"Down"
"MCM6","MCM6",3729.38679187256,-0.239990796381346,0.0822346683969643,-2.91836522308157,0.00351871950505433,0.00544852073774983,"Normal"
"ERG27","ERG27",433.700404451851,-0.330433599799428,0.113502015759981,-2.91125754540064,0.00359977163812191,0.00557047464638037,"Normal"
"ARR3","ARR3",1164.7051723273,-0.255704954951302,0.0878306195966268,-2.91134180910552,0.00359880087523051,0.00557047464638037,"Normal"
"SLA1","SLA1",5609.94767224519,0.243526810476654,0.0837988624642348,2.90608730614442,0.00365979318190086,0.00566155207604467,"Normal"
"CUS1","CUS1",518.642337914683,0.397908811645418,0.137010164535691,2.90422840519809,0.0036815946941881,0.00569346550574792,"Normal"
"COX26","COX26",473.185806304187,1.10989292172589,0.382610121449701,2.90084568991675,0.00372157094446689,0.00575345632171958,"Up"
"YKL068W-A","YKL068W-A",220.762914006973,-0.449304059552389,0.154958470855864,-2.89951273441717,0.00373743162938662,0.00577613876819007,"Normal"
"YGR250C","YGR250C",14320.5495794068,-0.249300084514171,0.0860013393870782,-2.89879304544446,0.00374602064561224,0.00578757211988231,"Normal"
"PRP46","PRP46",369.716330016801,-0.373256373246278,0.128784753228613,-2.89829629586424,0.00375195948755923,0.00579490500637327,"Normal"
"DRE2","DRE2",5303.60378175498,0.239467897095957,0.0826415042923594,2.89767108121357,0.0037594463444611,0.00580462338345615,"Normal"
"SWI1","SWI1",2038.84214118978,0.289798712602026,0.100023348676393,2.89731064233429,0.00376376871694848,0.00580945114220224,"Normal"
"YTA7","YTA7",18234.0340808263,-0.281934635948861,0.0973352767344983,-2.89653089206183,0.00377313491797369,0.00582205861112548,"Normal"
"GLE2","GLE2",1224.82558362674,-0.257441662827775,0.0889043295659278,-2.8957156989398,0.00378294949591344,0.00583534971448998,"Normal"
"TOM7","TOM7",1736.02252569534,0.293093977378013,0.101302814450298,2.8932461449214,0.00381282364335905,0.00587956524375806,"Normal"
"MLH3","MLH3",675.656168209316,0.332062592699222,0.114812233480765,2.89222309010176,0.00382526219355318,0.00589687468225727,"Normal"
"PPT1","PPT1",226.553417853789,-0.444633057683456,0.153815874251309,-2.89068381171764,0.00384404659562583,0.00592395255570755,"Normal"
"FIM1_1705","FIM1_1705",80.3670208898146,-0.707359688097025,0.24479861406164,-2.88955756881415,0.00385784361721095,0.00594332978314142,"Normal"
"RRN9","RRN9",455.342230604999,0.458716790623843,0.158790768018409,2.8888127209679,0.00386699306366624,0.00595553701944668,"Normal"
"SNX4","SNX4",2557.56912207768,0.254174300518704,0.0880014879521896,2.88829548719443,0.00387335817210434,0.00596344973328739,"Normal"
"VTC2","VTC2",11300.2192078343,0.240294208835799,0.083238814323335,2.88680480121202,0.0038917559169248,0.00598987709861819,"Normal"
"LYS21","LYS21",17205.8854359235,-0.219609244767711,0.0760835255512368,-2.8864230880024,0.00389647969172484,0.00599524851871153,"Normal"
"SHU2","SHU2",237.886727156241,0.408909837075605,0.141762290238501,2.88447538754949,0.00392066404473415,0.0060305497288266,"Normal"
"LDB7","LDB7",1264.78042510662,0.322231233710881,0.11188575570401,2.88000229951821,0.00397672270502034,0.00611484038724489,"Normal"
"IMP2","IMP2",416.069561646127,-0.380913437068752,0.132320672505397,-2.87871448849549,0.00399299649675884,0.00613792153677671,"Normal"
"LSB3","LSB3",80.2584288270037,0.756109504376755,0.262957171468992,2.87540933054916,0.00403504016867082,0.0062005882920846,"Normal"
"EPL1","EPL1",1570.88740096062,0.289164843571829,0.100609433461648,2.8741325104674,0.00405138943744203,0.0062237436852769,"Normal"
"YDR338C","YDR338C",1620.59538824866,0.270936361651195,0.0942902032270916,2.87343066806912,0.00406040189109331,0.0062356171898933,"Normal"
"YDR061W","YDR061W",5115.94453168205,-0.203933466677117,0.0709993434673975,-2.87232890781254,0.00407458645449998,0.0062554235647442,"Normal"
"GMC2","GMC2",440.340295814979,1.17459897121728,0.409480939831463,2.86850707068498,0.00412413980346769,0.00632949946463978,"Up"
"SWP82","SWP82",2060.1417155028,0.242601010321038,0.0848443107322185,2.85936685945536,0.00424487564391534,0.00651274100214228,"Normal"
"SQT1","SQT1",1417.38951449769,-0.295063355776101,0.103224954909481,-2.85844983933239,0.00425716409444518,0.00652953293399909,"Normal"
"DET1","DET1",10776.3666049536,-0.275031852145407,0.096392104758743,-2.85326119637886,0.00432730378084963,0.00663501706252708,"Normal"
"SIL1","SIL1",619.056775060094,0.297031703200735,0.104136948691949,2.85231809585082,0.00434016449706937,0.0066526370003975,"Normal"
"NUM1","NUM1",9355.64360261787,-0.254716123879849,0.0893368357804835,-2.85118810907666,0.00435561933911838,0.00667422086684837,"Normal"
"mirA","mirA",1153.02620160306,-0.279168935536291,0.09807190451297,-2.84657402058885,0.0044192453851785,0.00676958175491246,"Normal"
"TOR2","TOR2",4642.18045070836,-0.227593393377675,0.0799732358990029,-2.84586950645713,0.00442903407893164,0.00678243825702139,"Normal"
"SPC42","SPC42",204.645647137608,0.451629671999563,0.158726518839845,2.84533218078863,0.00443651301856612,0.00679175071115714,"Normal"
"TDA5","TDA5",156.536823119243,-0.495549173877336,0.17417404319646,-2.84513791368086,0.00443921980327912,0.00679274085248316,"Normal"
"BUD8","BUD8",530.318140094129,0.32675373786216,0.114848493036334,2.84508511364434,0.00443995574140492,0.00679274085248316,"Normal"
"SGD1","SGD1",501.509228784828,-0.44342381084028,0.155930113961756,-2.84373428309708,0.00445882154260741,0.00681945668099761,"Normal"
"YPR015C","YPR015C",5014.25234002795,-0.230505681663232,0.0810662314103726,-2.84342416876848,0.00446316286195955,0.0068239485041729,"Normal"
"COX17","COX17",4506.55590258399,0.231804587712073,0.0815473376862063,2.84257701464216,0.00447504178102858,0.00683995848191818,"Normal"
"FIM1_3720","FIM1_3720",2541.32053738659,-0.256630715046966,0.0903398191570894,-2.84072646415993,0.00450109016640668,0.00687760915678304,"Normal"
"CCT8","CCT8",4027.93182026742,-0.217484064359478,0.076576632429828,-2.84008394543561,0.00451016635062908,0.00688887546947595,"Normal"
"ICP55","ICP55",3037.30505353652,0.230043598185404,0.0810011572477981,2.84000384687909,0.0045112989800108,0.00688887546947595,"Normal"
"PCT1","PCT1",7607.54604184626,0.228108325799591,0.0803903715968018,2.83750804068513,0.00454672015854735,0.0069407833020363,"Normal"
"CTS2","CTS2",286.176702724803,-0.42876489401711,0.151154538104893,-2.83659954502703,0.00455967619592939,0.00695837519975532,"Normal"
"OAF1","OAF1",7690.52576789326,0.260848225758581,0.0919645114724107,2.83640092881737,0.00456251310819379,0.00696051842785357,"Normal"
"GAC1","GAC1",21212.4369669943,0.400080135536103,0.141119124654829,2.83505255942227,0.00458181469640016,0.0069877707500968,"Normal"
"IDP2","IDP2",58980.2395563589,0.216416533647677,0.0763673193050238,2.83388936022847,0.00459852500226208,0.00701105521995338,"Normal"
"MMS22","MMS22",1093.23920585967,0.260937035623742,0.0920820218226371,2.83374572428854,0.00460059227376936,0.00701200685641322,"Normal"
"MRP49","MRP49",1435.898645564,0.289894466308406,0.102327868328597,2.83299624084313,0.00461139282831041,0.00702626458223904,"Normal"
"APJ1","APJ1",9485.49244617505,0.30074342192659,0.106179003486085,2.83241895339508,0.00461972757311854,0.00703675745385047,"Normal"
"TAL1","TAL1",28232.0668090217,0.299174500818029,0.105657221485244,2.83155752737461,0.00463219001344363,0.00705352907405911,"Normal"
"SPT7","SPT7",1153.22143436744,-0.364777625736983,0.12899321957168,-2.82788217045997,0.0046857049555307,0.00713278207359765,"Normal"
"STS1","STS1",4409.95886953506,-0.22088408372829,0.0781328733119346,-2.82703136804455,0.00469817255067311,0.00714952095951164,"Normal"
"FIM1_3941","FIM1_3941",296.289892547849,0.531544253821045,0.188163229509767,2.82491034622391,0.00472938470424761,0.0071947652717405,"Normal"
"PEP3","PEP3",1523.43469500313,0.290634590502635,0.103073520452245,2.81968239007892,0.00480712034669543,0.00731073482459878,"Normal"
"RRD2","RRD2",2640.61105984071,-0.21381895674959,0.0759241044038866,-2.81621967658856,0.00485924280452738,0.0073876911098869,"Normal"
"EXO1","EXO1",483.578370686903,-0.325391479394479,0.115574444816127,-2.81542757927291,0.00487123746672846,0.00740361052575339,"Normal"
"RSM19","RSM19",1165.92264363776,0.258107554521388,0.0917446524691623,2.81332532823256,0.00490320166535717,0.00744986144214211,"Normal"
"PRP28","PRP28",843.394978310933,0.310779548350406,0.110474832763098,2.81312531168833,0.0049062527293891,0.00745216693094768,"Normal"
"SWF1","SWF1",182.702734762362,0.439541010871011,0.156287951889962,2.81237936485648,0.00491764659693468,0.00746713900453301,"Normal"
"VTI1","VTI1",4153.70922980161,-0.241903697834889,0.0860611088377866,-2.81083640568522,0.00494129031061916,0.00750069653836254,"Normal"
"FIM1_3593","FIM1_3593",4.81959966678884,3.25192407644072,1.15769701002129,2.80895955357173,0.00497018903850044,0.00754220753843649,"Up"
"GWT1","GWT1",615.7328109242,-0.332592705088574,0.118441092720239,-2.80808541571097,0.00498370062655849,0.00756035009192873,"Normal"
"RBK1","RBK1",622.581373709283,-0.293357962383049,0.104490212695785,-2.80751617605696,0.00499251723808559,0.00757023361310133,"Normal"
"TOM22","TOM22",4055.59330068051,0.25807076028618,0.0919230998816752,2.80746363665251,0.00499333169993615,0.00757023361310133,"Normal"
"YPL088W","YPL088W",6.76280825995791,2.30019469909237,0.819594911090546,2.80650192914417,0.00500826125933158,0.00759049951936748,"Up"
"PAC1","PAC1",444.61968393048,0.351520680810979,0.125269087516725,2.80612470146753,0.00501412835888561,0.00759702204422363,"Normal"
"PIN2","PIN2",2620.90343787859,0.246626967828873,0.0879506626976746,2.80415133057768,0.00504492201161272,0.00764129552818772,"Normal"
"JLP1","JLP1",617.927302496775,0.322109373082531,0.114963613351991,2.80183758748352,0.00508124471877382,0.00769391339623621,"Normal"
"YOL107W","YOL107W",310.332947044413,0.365169382043609,0.130358167713276,2.8012773457111,0.00509007524885458,0.00770488337513533,"Normal"
"TMA16","TMA16",343.56718182424,-0.405041397676809,0.144703271333744,-2.7991170755402,0.00512425544240583,0.00775420653835251,"Normal"
"DNA2","DNA2",749.956295231403,0.339222257445987,0.121215301292417,2.79851020316036,0.00513389474132628,0.00776637439231146,"Normal"
"FIM1_14","FIM1_14",38.9938350231613,0.950471156053102,0.339745807119562,2.7975949552149,0.00514846314096918,0.00778598892062535,"Normal"
"STE14","STE14",1315.6813975587,-0.254937921673233,0.0911426693965467,-2.79713029430859,0.00515587364003527,0.00779476976257977,"Normal"
"MAG2","MAG2",2176.05759341885,0.251387104914946,0.0899312288013747,2.79532603151869,0.00518473982857356,0.00783597226346468,"Normal"
"PSF2","PSF2",795.735212176492,0.41399392888141,0.148170455953392,2.79403830012938,0.00520543131330804,0.00786479811920515,"Normal"
"GDH2","GDH2",59086.9206348836,-0.307338534957439,0.110015633401233,-2.79358965135945,0.00521265778401201,0.00787326831598209,"Normal"
"BPL1","BPL1",3168.03100131325,-0.238847488911195,0.0856102684716473,-2.78993972539985,0.00527178548581565,0.00796010120434377,"Normal"
"SEC4","SEC4",10932.8557042442,-0.22169912612765,0.079493447977083,-2.78889810128204,0.00528877024532673,0.00798326642498994,"Normal"
"LSC1","LSC1",22000.3986629476,0.241188248481455,0.0865793159334057,2.78574906582734,0.00534041954026022,0.00805872625656037,"Normal"
"FIM1_4258","FIM1_4258",136.770638471503,0.525875794412774,0.188847513442445,2.78465829296208,0.00535841592678558,0.00808337255145953,"Normal"
"DOM34","DOM34",1619.54358084429,0.23210211465275,0.0833673210700013,2.78408987686986,0.00536781576918529,0.00809443341026073,"Normal"
"ECI1","ECI1",1217.38714414087,0.291965145404796,0.104872029065079,2.78401350681996,0.00536907982738636,0.00809443341026073,"Normal"
"MIG2","MIG2",930.460629131421,-0.319269846052049,0.114715176979238,-2.78315262600198,0.00538334751800958,0.00811342605149149,"Normal"
"UFD2","UFD2",6160.81050939243,0.258143281587527,0.0927708268450895,2.78259114816967,0.00539267153049262,0.00812495843927555,"Normal"
"RFU1","RFU1",192.248828051725,0.435071213434873,0.156383004106496,2.78208757991752,0.00540104628536742,0.00813321282869884,"Normal"
"SIW14","SIW14",1827.96457114902,0.254780676963429,0.0915798493476113,2.78206045083513,0.00540149779753265,0.00813321282869884,"Normal"
"SWS2","SWS2",1407.53444648785,0.251313511410018,0.0903862167791573,2.78044065085784,0.00542851814035521,0.00817136606071436,"Normal"
"DMA2","DMA2",8845.12822682639,-0.214712471484847,0.0772321070557521,-2.7800934050634,0.00543432650569445,0.00817757587214907,"Normal"
"YNL165W","YNL165W",2346.63616294115,-0.216867237258503,0.0780104970379933,-2.77997507377607,0.00543630710935166,0.00817802360505873,"Normal"
"PUF6","PUF6",507.160057595849,-0.348159198087015,0.125291196562562,-2.77880016823981,0.00545600781173177,0.00820511976391355,"Normal"
"RMP1","RMP1",83.6505891302857,0.615692009181295,0.22163079244309,2.77800752501209,0.0054693351585262,0.00822261743046992,"Normal"
"TAH18","TAH18",930.502065740292,0.28410505178611,0.102292549489001,2.77737775825656,0.00547994487334933,0.00823601983903631,"Normal"
"RPB7","RPB7",604.28955160907,-0.294897103851902,0.106322784761939,-2.77360214475372,0.00554394330382635,0.00832962910120353,"Normal"
"SSY5","SSY5",4788.66672795903,0.218937504726954,0.0790994114078481,2.7678777987118,0.00564226073735071,0.0084747279514025,"Normal"
"SLM1","SLM1",10255.606530564,0.272617664042999,0.098564917157234,2.76586915411404,0.00567713087447459,0.00852446814557232,"Normal"
"YOL075C","YOL075C",1167.56038724152,0.280388579678685,0.101422752740719,2.76455304260457,0.00570008390001705,0.00855376134999313,"Normal"
"RPL34B","RPL34B",71.1658177228763,-0.842354296102479,0.304698668015139,-2.76454866570216,0.0057001603727676,0.00855376134999313,"Normal"
"SDH1","SDH1",64273.5488831213,0.262460963046136,0.0950329851592964,2.76178805291861,0.00574857824567076,0.00862375476866756,"Normal"
"COY1","COY1",3878.35178940785,-0.204692357323914,0.0742138903296182,-2.75814077950612,0.00581311569615609,0.00871787937272298,"Normal"
"YIM1","YIM1",36.0323973629978,-0.990171947916755,0.359472411446457,-2.75451443945996,0.00587792962189984,0.00881236039272179,"Normal"
"COA3","COA3",6214.05232965964,-0.249531664098165,0.090783465254235,-2.74864661091492,0.00598418658083688,0.00896889654419692,"Normal"
"SAH1","SAH1",19463.9872786096,0.21868707672436,0.0796102414319857,2.74697165579121,0.00601483323667836,0.00901172565966944,"Normal"
"AIM10","AIM10",3743.51035537095,0.227840531615867,0.0829451380235349,2.7468823013016,0.00601647212182911,0.00901172565966944,"Normal"
"CLU1","CLU1",13374.6878435113,-0.27644364979656,0.100765373558077,-2.74343894172365,0.00607993539432113,0.00910397722064911,"Normal"
"TDA3","TDA3",7027.03251092632,-0.277510621781831,0.101231462256547,-2.74134755732903,0.00611877463074284,0.00915931174700538,"Normal"
"YET3","YET3",2991.06269970354,-0.259028374924733,0.0945970485855643,-2.73822892783424,0.00617710602227971,0.00924378138658981,"Normal"
"UBP2","UBP2",3970.35601989351,0.264980188618843,0.0969736956423511,2.73249551709483,0.00628565268556046,0.00940332093569528,"Normal"
"BER1","BER1",85.9771235104328,0.604446100072742,0.221444313077209,2.72956253277994,0.00634184201751084,0.00948445994554791,"Normal"
"SRB7","SRB7",481.463844421979,0.307187496657142,0.112630092661906,2.72740161529707,0.0063835290812319,0.00954386701714024,"Normal"
"FIM1_1681","FIM1_1681",2074.41726259862,0.255551455599924,0.0937836298957288,2.72490471827603,0.00643200459608829,0.00961338367652815,"Normal"
"EMW1","EMW1",594.207097291046,-0.294329690223383,0.108102816144266,-2.72268291170688,0.00647541762095343,0.00967529342564967,"Normal"
"MRPL25","MRPL25",1201.48236771242,0.288447597251134,0.10598036919344,2.7217077978342,0.00649455396550895,0.00970090307974424,"Normal"
"THO2","THO2",2131.58285496504,-0.249260562751895,0.0916629037454426,-2.71931776724113,0.00654167298433364,0.00976828181649575,"Normal"
"RSM27","RSM27",1286.73302398822,-0.262881425645158,0.0967250396545827,-2.71782184410512,0.00657132105718081,0.0098095388684613,"Normal"
"FIM1_1393","FIM1_1393",5109.85960300735,-0.232027234420619,0.0854379355061248,-2.71574018082384,0.00661277913618484,0.00986839490869845,"Normal"
"LCB5","LCB5",7661.01233768939,0.212026780549535,0.0780902653045864,2.71514995784093,0.00662457664250359,0.00988296527661189,"Normal"
"TPS1","TPS1",27653.3430118607,0.261313734470333,0.0962675904686122,2.71445180250495,0.006638555954045,0.00990078065706097,"Normal"
"YGL039W","YGL039W",27785.6935696433,-0.342865531725377,0.126361854148727,-2.71336262066737,0.00666041784257577,0.00993033761800419,"Normal"
"KEL3","KEL3",572.661455970489,0.293112049340096,0.108105478632294,2.71135240367491,0.00670093664129989,0.00998768439879637,"Normal"
"YAL044W-A","YAL044W-A",437.862288548029,0.312157703013702,0.11524272728634,2.70869763640783,0.00675478677989079,0.0100648601543972,"Normal"
"IML1","IML1",1157.03326897616,0.243689390987882,0.0902040873602582,2.7015338009533,0.00690204644024145,0.01028112926215,"Normal"
"LDB17","LDB17",948.744539477897,-0.290929735688628,0.107705639376139,-2.70115601535605,0.00690989165185431,0.0102896609060252,"Normal"
"NUG1","NUG1",1510.7913813633,-0.310416463425092,0.115008828659483,-2.69906638510484,0.00695343042862672,0.0103513230553607,"Normal"
"RPC34","RPC34",374.670013122491,0.328305931173058,0.121774266431872,2.69602060265116,0.00701733262503731,0.01044325244259,"Normal"
"FIM1_3572","FIM1_3572",681.885130919251,-0.305795445027176,0.113493303389391,-2.694391967586,0.00705171824455317,0.0104912121709381,"Normal"
"MSH5","MSH5",188.116592767414,0.439841591571145,0.163287947956216,2.69365618881489,0.00706730241076465,0.0105111791900537,"Normal"
"yxeK","yxeK",1259.93013147959,-0.233203269326849,0.0866175101112204,-2.69233402146294,0.00709538431487304,0.010549716152377,"Normal"
"RIM13","RIM13",939.781817128076,0.296214671000318,0.110053465551059,2.69155241515671,0.00711203216073033,0.0105680013055011,"Normal"
"SPT2","SPT2",540.279727968101,0.439136230767451,0.163151227552562,2.69159011154836,0.00711122844119516,0.0105680013055011,"Normal"
"YIL102C-A","YIL102C-A",48.7805431021246,-0.86194352905696,0.320648816991811,-2.68812321574532,0.00718548768204802,0.0106716387863258,"Normal"
"IWR1","IWR1",2469.72214038455,0.272055433852533,0.101207654142295,2.68809149029411,0.00718617042783662,0.0106716387863258,"Normal"
"MED4","MED4",579.668389339487,-0.294455282770923,0.109594728054366,-2.6867650296541,0.00721476861352515,0.0107108343089272,"Normal"
"MDJ2","MDJ2",279.528122296037,0.372669815000521,0.138852005797464,2.6839354092163,0.00727611619077093,0.010798609826193,"Normal"
"TUF1","TUF1",22735.0190860367,-0.214887174016483,0.0800771101904164,-2.68350310726123,0.0072855298192858,0.0108092792036365,"Normal"
"IES2","IES2",1157.23021212781,0.236287937494721,0.0882856981001537,2.67640107717865,0.00744175305472837,0.0110376917255571,"Normal"
"CTO1","CTO1",511.047825075386,-0.327449604001277,0.122381756636425,-2.6756406592044,0.007458656766014,0.0110593876185725,"Normal"
"RET1","RET1",1153.77867322763,0.26718343523231,0.0998643055352822,2.67546480997571,0.00746257070550892,0.011061815453956,"Normal"
"MRPL31","MRPL31",2484.74518559712,-0.237655397789861,0.088927494612916,-2.67246253618556,0.00752967817155716,0.0111578854027436,"Normal"
"EBS1","EBS1",8520.76206080485,-0.18577019419999,0.0696211232135292,-2.66830217073962,0.00762356595810844,0.0112935692044052,"Normal"
"FIM1_2824","FIM1_2824",1055.93556279588,0.283253887531347,0.106165214844515,2.66804798489023,0.00762933609168736,0.0112986723771743,"Normal"
"DHR2","DHR2",813.505690142498,-0.267285560855227,0.10025367989386,-2.66609226851531,0.00767386283262879,0.0113611515855403,"Normal"
"UIP4","UIP4",9579.99241508615,0.249106324091115,0.0934434052441975,2.66585237813327,0.00767934053931312,0.0113657982578503,"Normal"
"HER2","HER2",1684.34201938761,-0.243937452290725,0.0917293522198408,-2.65931728925871,0.00782991861283105,0.0115851323202637,"Normal"
"RVS167","RVS167",17621.4059389333,-0.203893393806565,0.0766987457377221,-2.65836672875716,0.00785203989797446,0.0116143262904895,"Normal"
"APC5","APC5",361.661037846255,-0.330152026240577,0.124325956257804,-2.65553578816615,0.00791825310702685,0.0117087011098732,"Normal"
"LST7","LST7",485.256566586805,0.30900431023218,0.116406364320388,2.6545310648282,0.00794187266628376,0.0117400545438007,"Normal"
"MDM36","MDM36",4558.47086878971,0.263000620440707,0.0990939965523902,2.65405200709268,0.00795315680458893,0.0117531596452243,"Normal"
"DUF1","DUF1",3595.87224586719,0.224367814667804,0.0845713591673144,2.65299998577437,0.0079779874222973,0.0117862696518524,"Normal"
"BUD20","BUD20",1088.78244810797,-0.246331422871116,0.092877814385209,-2.65220951312938,0.00799669042115015,0.0118103096523917,"Normal"
"COX16","COX16",8248.23248124074,0.209718578260766,0.0791047935611507,2.6511487966737,0.0080218492182386,0.0118438667126774,"Normal"
"FIM1_3617","FIM1_3617",140.336120603046,0.459184496770942,0.173306136823266,2.64955705082278,0.00805973631826316,0.0118961903919929,"Normal"
"MRS4","MRS4",2495.42502991868,0.222740884598166,0.0840850478248782,2.64899515859303,0.00807314881489109,0.0119123686885988,"Normal"
"NFU1","NFU1",8518.97197395037,0.210463771546881,0.0794825820502006,2.64792318163435,0.00809879258842859,0.0119465795953778,"Normal"
"YBR062C","YBR062C",677.104048364431,-0.320015571925787,0.121007498745809,-2.64459289913941,0.00817892520952651,0.0120611221830317,"Normal"
"YML108W","YML108W",366.484463794627,0.315048150199621,0.11914858049871,2.64416201083514,0.00818934483959024,0.0120701514080022,"Normal"
"TES1","TES1",5112.9974730242,-0.320199906118627,0.121098202501261,-2.64413426050063,0.00819001629804145,0.0120701514080022,"Normal"
"EAP1","EAP1",4503.71883409291,-0.218368101050413,0.0826606848127578,-2.64174076884384,0.00824811592515477,0.0121520907460058,"Normal"
"rhb1","rhb1",1262.41378642761,0.225686003947308,0.0854842423552436,2.64008895358087,0.00828842690143023,0.0122077800285085,"Normal"
"JJJ3","JJJ3",436.301475964732,0.326930395399706,0.123982859693387,2.63689994091292,0.00836675068756116,0.0123194065426847,"Normal"
"ELA1","ELA1",580.094771818724,0.301317490416187,0.114549901170853,2.63044740620743,0.00852725627365441,0.012551935241953,"Normal"
"PRP40","PRP40",1435.66703395374,-0.218693325337318,0.0831764776717531,-2.62926889258725,0.00855686713781004,0.0125917072751723,"Normal"
"HBS1","HBS1",629.645783551805,-0.372812266090597,0.141830210276082,-2.6285814944848,0.00857418084534923,0.0126133650401308,"Normal"
"MLC2","MLC2",1119.38470710133,-0.239191598173022,0.0910080234296327,-2.62824736939777,0.00858260786270862,0.0126219405583841,"Normal"
"SMC2","SMC2",1394.07487490554,0.236252311209329,0.090036380305705,2.62396500622493,0.00869127143075983,0.0127778783304272,"Normal"
"tRNA-Ile","tRNA-Ile",78.3761524421719,0.631780721381278,0.240856141459118,2.62306253664083,0.00871432755851554,0.0128079000625611,"Normal"
"RCF1","RCF1",23828.7874859913,-0.198957615359634,0.0759175425557374,-2.62070673867719,0.00877477083015175,0.012892836850229,"Normal"
"SEC72","SEC72",1165.71972440569,-0.242174174328567,0.0924360351715559,-2.61991088084972,0.0087952748351759,0.0129190569601329,"Normal"
"HOM3","HOM3",871.365440786245,0.306686264873893,0.117125863349724,2.61843333404651,0.00883345500790164,0.0129698971455026,"Normal"
"FIM1_4394","FIM1_4394",3838.15085352432,-0.248953251134249,0.0950796601975896,-2.61836496488195,0.00883522526273178,0.0129698971455026,"Normal"
"ROY1","ROY1",1196.64893852953,-0.255773543698119,0.0977622990619694,-2.61627995814613,0.00888936392841064,0.0130454301806546,"Normal"
"LTP1","LTP1",793.805312165807,-0.251145047364178,0.0960380263840046,-2.61505839738921,0.00892122009624591,0.0130882271883028,"Normal"
"RBS1","RBS1",1210.35197514866,-0.258199729173568,0.0987594823497297,-2.61442975429158,0.00893765371459027,0.0131083789312388,"Normal"
"ATG13","ATG13",5522.6455558524,0.226685810664834,0.0867154065013722,2.61413536314619,0.00894535880597871,0.0131157207116025,"Normal"
"CRM1","CRM1",7016.49818518973,0.242789992354459,0.0928823550023492,2.61395172795003,0.00895016808887293,0.0131188134973857,"Normal"
"KSH1","KSH1",250.344857726249,-0.378834850130931,0.145183726299437,-2.60934789171615,0.00907149657419651,0.0132926422961462,"Normal"
"YNR062C","YNR062C",778.650672938326,-0.281351321705424,0.108037815963145,-2.60419297814574,0.00920908883005963,0.0134901907221163,"Normal"
"FIM1_4918","FIM1_4918",98.7340068846413,-0.539177446902064,0.207162639102103,-2.60267705238261,0.00924990400133729,0.0135458961852013,"Normal"
"UBR1","UBR1",18794.4997154964,0.281131419349221,0.108071751717379,2.60134045096646,0.00928602483178317,0.0135946955883201,"Normal"
"YKL018C-A","YKL018C-A",8.64095218790336,1.84373170477623,0.709204344835057,2.59971856941321,0.0093300241711396,0.0136549962191468,"Up"
"RHO2","RHO2",450.9836400861,-0.304907667846165,0.117358945812343,-2.59807776676619,0.00937472599347001,0.0137162883475672,"Normal"
"SPT21","SPT21",278.003441309286,-0.480546193278449,0.18511616203006,-2.59591700696785,0.00943388490556476,0.0137986895713845,"Normal"
"VPS52","VPS52",747.089528689936,0.256556780118231,0.0990668845214272,2.58973300066522,0.00960503974238016,0.0140448053289874,"Normal"
"AHP1","AHP1",18567.4358801736,-0.298905597566371,0.115427618899767,-2.5895500610294,0.00961014485884749,0.0140480426802467,"Normal"
"COQ5","COQ5",1931.59112522919,-0.220702069676432,0.0853698253984688,-2.58524682048126,0.00973093097293534,0.0142203289015016,"Normal"
"COX12","COX12",18228.8391591229,-0.185807080497332,0.071876510735516,-2.58508765375446,0.00973542440181443,0.0142226179099267,"Normal"
"PFA5","PFA5",618.508289870062,0.259070532567162,0.100310040307617,2.58269792109226,0.00980311151509793,0.0143171983323898,"Normal"
"FIM1_3937","FIM1_3937",48.817310532925,0.726791418371496,0.281821877624179,2.57890347086787,0.00991144786493297,0.0144710712667396,"Normal"
"HTB1","HTB1",11088.2292805233,-0.233575881552742,0.0905867719061837,-2.5784767095426,0.00992369892291714,0.0144846059076162,"Normal"
"SPP1","SPP1",521.932912452404,0.300790257886018,0.116799364423605,2.57527307079446,0.0100160974937287,0.0146150803970053,"Normal"
"PWP1","PWP1",988.978295082206,0.240940286049532,0.0935818085301674,2.57464874673652,0.0100341930510298,0.0146370891729071,"Normal"
"PRY3","PRY3",35.9308431750907,0.829660960118309,0.322276089395247,2.57437950694752,0.0100420057427985,0.0146440894070402,"Normal"
"COQ3","COQ3",1015.5439559149,-0.237544477526217,0.0923049998298606,-2.57347357092321,0.0100683336270704,0.0146780777359541,"Normal"
"FIM1_4739","FIM1_4739",1339.28207415552,-0.333039307668536,0.129484912588667,-2.57203176038352,0.0101103616209324,0.0147349271494032,"Normal"
"GRX7","GRX7",3258.84699669276,-0.197095099970757,0.0767644455529365,-2.56753108227481,0.0102425606331464,0.0149231190753998,"Normal"
"FIM1_708","FIM1_708",905.553730771238,0.271245269432144,0.105667389325574,2.5669723758993,0.0102590784906323,0.0149382266664615,"Normal"
"PET20","PET20",5977.12255479849,0.205668651311885,0.0801204099422693,2.56699449566072,0.0102584240811094,0.0149382266664615,"Normal"
"MEX67","MEX67",1801.85971257965,0.225577877268501,0.0880076717854939,2.56316151412703,0.010372378407795,0.0150986778560444,"Normal"
"SYM1","SYM1",2667.58717119132,-0.29904533416134,0.116700166788569,-2.56250991228773,0.0103918621229983,0.0151225091511377,"Normal"
"EMP47","EMP47",2365.54204730533,-0.241415088074111,0.0943935793068198,-2.55753717410596,0.01054162901142,0.0153358608881706,"Normal"
"KIP2","KIP2",1098.84388134314,-0.233621908147529,0.0913925717892054,-2.55624613219521,0.0105808246869687,0.0153882751134333,"Normal"
"YER158C","YER158C",7710.19556674111,0.226850571676399,0.0887822724164073,2.55513364889359,0.0106147032863528,0.0154283108789675,"Normal"
"MIM1","MIM1",3920.25471942706,-0.221880055338885,0.0868345350749563,-2.55520519741778,0.0106125215105415,0.0154283108789675,"Normal"
"amdS","amdS",1088.43077380768,0.262946905875807,0.102944764775273,2.55425233570466,0.010641610481786,0.015462794656399,"Normal"
"CSM1","CSM1",694.40431212692,0.279157485031798,0.109306349152016,2.55389999938214,0.0106523845517956,0.015473822582115,"Normal"
"DSN1","DSN1",535.467258736611,0.306049037893084,0.119906931751132,2.552388201612,0.010698723905488,0.0155364911705816,"Normal"
"GON7","GON7",361.089385327657,0.373567594717417,0.14646525932717,2.55055428456895,0.0107551773375118,0.0156138054027397,"Normal"
"FIM1_9","FIM1_9",544.601923385438,0.276945263266165,0.108776354441989,2.54600611214511,0.0108963280445698,0.0158139958090098,"Normal"
"RRT12","RRT12",297.084887269027,0.353944659334013,0.139192249414124,2.54284747048637,0.0109953215685985,0.0159529016129651,"Normal"
"AIM3","AIM3",3808.08335413312,0.238725883609249,0.0938985018621449,2.54238224119623,0.011009969423845,0.0159693855016307,"Normal"
"RIM21","RIM21",339.887503833846,0.312937216336209,0.12313754491872,2.54136312805952,0.0110421170485244,0.0160112344788958,"Normal"
"CTF18","CTF18",4703.12525866958,0.257279206350625,0.101448761829943,2.53605072856283,0.0112110492586618,0.0162513390059181,"Normal"
"FIM1_3478","FIM1_3478",215.661771855075,-0.381548193316327,0.150479681525639,-2.53554625746146,0.0112272099569457,0.0162699114765282,"Normal"
"SDH6","SDH6",1100.62377382689,0.251255583651908,0.0991121928726235,2.53506230030462,0.0112427329320451,0.0162875489912961,"Normal"
"tRNA-Glu","tRNA-Glu",9.93840071106897,1.84060004056017,0.726165440589043,2.53468416104618,0.01125487504802,0.0163002795404856,"Up"
"DCK1","DCK1",4108.20747337412,-0.289815593178285,0.11445020312588,-2.53224184197845,0.0113335791997992,0.0164093746519143,"Normal"
"UTP10","UTP10",1994.97167531519,-0.251271929743552,0.0995679351537934,-2.52362298520538,0.011615242367934,0.0168109889175383,"Normal"
"SCM3","SCM3",414.186171094612,0.389893883722,0.154502570749707,2.52354301828172,0.0116178844999164,0.0168109889175383,"Normal"
"FIG1","FIG1",18.6031032265617,1.1302500636959,0.448014001150504,2.52280076246145,0.0116424343201405,0.0168414969817097,"Up"
"YSY6","YSY6",1210.150153441,0.231178645627738,0.0917677831302314,2.51916999345689,0.0117631849734275,0.017011105888656,"Normal"
"REG1","REG1",7196.06891799782,0.199580693244938,0.079278740480321,2.51745539896007,0.0118205934386615,0.0170890400233432,"Normal"
"GAS2","GAS2",197.985348020337,0.440089756715067,0.174926081620557,2.51586128631002,0.0118741906550385,0.0171614195100631,"Normal"
"TFB2","TFB2",564.202380694679,0.263270984138768,0.104700323639888,2.51451929646632,0.011919477957555,0.017221749448635,"Normal"
"FIM1_2205","FIM1_2205",4161.74997036544,0.223604300556555,0.0889556273473223,2.51366110525537,0.0119485190257497,0.0172585772729245,"Normal"
"YMR130W","YMR130W",739.122869116434,-0.250214884105776,0.0995825502050216,-2.51263784258016,0.0119832280682107,0.0173035676622395,"Normal"
"MCH4","MCH4",2844.07932047028,-0.229284231678823,0.0913762231386547,-2.5092329689629,0.0120993657042036,0.0174660778243391,"Normal"
"ENP2","ENP2",675.360011131257,-0.330069172605767,0.131593716661282,-2.50824416985921,0.0121332792812967,0.0175098319060946,"Normal"
"APM1","APM1",880.238783227259,-0.241947106260784,0.0964717541930182,-2.50795798505645,0.0121431104805268,0.0175188164563182,"Normal"
"FAR8","FAR8",2231.62571201791,-0.207825999483147,0.0829625118354371,-2.50505915123914,0.0122430916336052,0.01765781604265,"Normal"
"aldA","aldA",2901.57635006818,0.254430620403963,0.101658434231822,2.5027989298336,0.0123215523054426,0.0177657040510818,"Normal"
"FIM1_3421","FIM1_3421",264.598141242083,-0.400892652941118,0.160296855523115,-2.50093897121587,0.0123864521222219,0.0178539812702095,"Normal"
"CDC55","CDC55",6325.81325242162,0.291610113612608,0.116656453390687,2.4997340921723,0.0124286555751768,0.017909501020102,"Normal"
"SWA2","SWA2",1491.61263978375,0.210307921112203,0.0842184073808705,2.49717285867333,0.0125187915582221,0.0180340374092503,"Normal"
"GCG1","GCG1",1760.74348422909,0.214196280270604,0.0857830939749328,2.49695214226239,0.0125265861237327,0.0180399175978711,"Normal"
"KRE1","KRE1",6442.90287915111,0.204786558339183,0.0820668578482288,2.49536248503516,0.0125828516610821,0.0181155781396143,"Normal"
"VPS24","VPS24",1441.47434443694,-0.22986246298518,0.0921532650729648,-2.49434963376697,0.0126188178810047,0.0181619775129745,"Normal"
"SPE4","SPE4",350.004117722256,-0.304035390831684,0.12190676503319,-2.49399933423635,0.0126312781373424,0.0181745278262797,"Normal"
"UBX2","UBX2",1381.60495107432,-0.218231089175315,0.0875121907511559,-2.49372215804611,0.0126411450926198,0.018183340439621,"Normal"
"ABF2","ABF2",7917.97499143443,-0.232455843005309,0.0932506287510449,-2.492807245578,0.0126737627177378,0.0182248632866196,"Normal"
"SYG1","SYG1",3078.5146456884,0.20588301111654,0.0826531386042853,2.49092792594649,0.0127409962741104,0.0183161245254149,"Normal"
"DFM1","DFM1",1281.96542452155,0.242812887349479,0.0975389009804166,2.48939535825024,0.0127960580908621,0.018389839178793,"Normal"
"PAC11","PAC11",110.32067004816,-0.561545982712445,0.225661369290227,-2.48844533948667,0.0128302958234087,0.018433591781769,"Normal"
"YCR016W","YCR016W",552.743935754575,0.271873069459119,0.109327783567578,2.4867701565638,0.0128908652797931,0.018515138750965,"Normal"
"CDC73","CDC73",477.43397731649,-0.286337342971998,0.11528599990366,-2.48371305458842,0.0130020530530889,0.0186693190853898,"Normal"
"KEG1","KEG1",282.999102079342,0.319122816134707,0.128517943951155,2.48309929589282,0.0130244776281815,0.0186959931448549,"Normal"
"PUF4","PUF4",2924.9284251648,-0.216230312889366,0.0871234064170535,-2.4818854287479,0.0130689288002407,0.0187542602009361,"Normal"
"RLP24","RLP24",1053.69672425897,0.255670673082002,0.103104269816958,2.47972924434551,0.0131482180522426,0.0188624716610117,"Normal"
"NUP85","NUP85",1182.84274542907,-0.249264228309943,0.1005853274908,-2.4781370655948,0.0132070398818661,0.0189412652851202,"Normal"
"GIP4","GIP4",2506.49428972671,0.199048223892044,0.0804014706039404,2.47567889488689,0.0132983120687266,0.0190665383127597,"Normal"
"RSM24","RSM24",5626.23463212107,-0.212395656452601,0.0858977908619456,-2.47265563318109,0.0134113304345812,0.0192229069562331,"Normal"
"PEX14","PEX14",1862.52681346297,-0.227272348542375,0.0919632290806096,-2.47133936916419,0.0134608009035921,0.0192881249161174,"Normal"
"DCAF13","DCAF13",263.429908106709,0.363965064346469,0.14740006598379,2.46923270974991,0.0135403132084975,0.0193963389976678,"Normal"
"SMF1","SMF1",8731.53657486635,-0.19884227726302,0.0805354492785758,-2.46900314140194,0.0135490029030647,0.01940306663896,"Normal"
"ATG29","ATG29",1524.28201522341,-0.236830978325515,0.0960325477584846,-2.46615323505869,0.0136572894279945,0.0195523775281748,"Normal"
"OM45","OM45",82323.5261234675,0.206956825746256,0.084015224904379,2.46332526017518,0.0137654975799048,0.0197014882888829,"Normal"
"SEC39","SEC39",605.399819610785,-0.266740258993596,0.108299972140038,-2.46297624757176,0.0137789043644669,0.0197148693483347,"Normal"
"NAR1","NAR1",5323.84480757067,0.20052702720317,0.0814509784751399,2.4619351536013,0.0138189649189442,0.0197663675422873,"Normal"
"SAM37","SAM37",852.51583538292,-0.247854310006657,0.100718499018257,-2.46086183196325,0.0138603732077551,0.0198197626299241,"Normal"
"SRX1","SRX1",1062.18817256158,0.274843778806372,0.111701441661175,2.46052132111292,0.0138735328421679,0.0198327437717251,"Normal"
"NSR1","NSR1",2388.30480760058,-0.19387343994081,0.078801144900729,-2.46028709589238,0.0138825912861343,0.0198398561939196,"Normal"
"UFD4","UFD4",10559.7369386555,0.204373266860151,0.0830990883479677,2.45939240638071,0.0139172406635937,0.0198835261347844,"Normal"
"BSC6","BSC6",45379.7202024824,-0.25555430080648,0.104087022819414,-2.45519848569264,0.0140806818461187,0.0201059033715549,"Normal"
"SYT1","SYT1",4479.77405542171,0.189393077958102,0.0771400088110587,2.45518610740619,0.0140811667366539,0.0201059033715549,"Normal"
"TMA64","TMA64",1179.15544499711,-0.237243533392197,0.096634193053952,-2.45506818957697,0.0140857866318128,0.0201065914347762,"Normal"
"YAR028W","YAR028W",1123.60076123029,0.234536704209194,0.0957272936967196,2.45005050442819,0.0142836178460255,0.0203829953344605,"Normal"
"ERG25","ERG25",6464.69407190479,-0.243096813392832,0.099231684353615,-2.44979025576699,0.014293945150321,0.0203917438301262,"Normal"
"SPR3","SPR3",114.983106348087,-0.636398595655143,0.260014040758028,-2.44755473127462,0.0143829278841631,0.0205126641001317,"Normal"
"RAD53","RAD53",275.455015463276,-0.356890251385517,0.145860503419046,-2.44679157839047,0.0144134160598842,0.0205501140360849,"Normal"
"RTT107","RTT107",764.087472904502,0.243650062830915,0.0997369019909929,2.44292792303614,0.0145686465647233,0.0207653428154857,"Normal"
"SOD2","SOD2",46829.0106127248,0.236418935838214,0.0968593044682386,2.44084899366316,0.0146527803518062,0.0208791377505649,"Normal"
"YGL242C","YGL242C",3183.67757312932,-0.186189280426873,0.0763491809932353,-2.43865458679078,0.014742051854078,0.0210001846845397,"Normal"
"YKL077W","YKL077W",2416.91582774031,-0.207132456686752,0.0849966055727832,-2.43694974982716,0.0148117374963055,0.0210932686091877,"Normal"
"POL2","POL2",1628.4713193321,-0.24016383503884,0.0985942509771693,-2.43588071980437,0.0148555823030594,0.021148455321011,"Normal"
"FIM1_3052","FIM1_3052",202.102472113558,-0.406938819166408,0.167066272788718,-2.43579276878373,0.0148591945803523,0.021148455321011,"Normal"
"VPS27","VPS27",2692.71123242489,-0.210055522844039,0.0862421459405524,-2.43564814573182,0.014865136143733,0.0211507164048019,"Normal"
"KEX1","KEX1",5277.40978267964,0.214498182623961,0.0882253196303418,2.43125424223674,0.0150466520957201,0.0214027173691756,"Normal"
"RPC10","RPC10",1876.78602084051,0.229788620493549,0.0946086864062374,2.428832163538,0.0151475426470696,0.0215399209019933,"Normal"
"UBC8","UBC8",10502.3061527203,0.182957569406343,0.0753824480401194,2.42705794469518,0.0152218244652045,0.0216392174009446,"Normal"
"rplO","rplO",4667.5793570291,0.199185319852144,0.0821512515278502,2.42461698571467,0.0153245450386064,0.0217788722850508,"Normal"
"CAC2","CAC2",3229.42638755028,-0.238109088245801,0.0982447685113768,-2.42363122081384,0.015366200725513,0.0218316869372127,"Normal"
"gabD","gabD",3063.1195271306,-0.207370537026212,0.0855750364959905,-2.42325969718901,0.0153819261246443,0.0218476407599083,"Normal"
"STU2","STU2",1366.8217178264,0.717532892829849,0.296369008876183,2.42107936842215,0.01547449823789,0.0219727022027784,"Normal"
"ECM16","ECM16",459.962810588696,-0.267760886921607,0.110614981083804,-2.42065662623715,0.0154925036116364,0.0219918419658023,"Normal"
"DAL3","DAL3",448.989920001779,0.288167387655848,0.11908487215886,2.41984882237124,0.0155269607588947,0.0220343172685366,"Normal"
"MIP1","MIP1",903.425598315841,0.247501956537715,0.102335873857603,2.41852585225496,0.0155835381746549,0.0221081494863206,"Normal"
"FIM1_325","FIM1_325",51.5786032402638,0.702281587694813,0.29116394998821,2.41197987499225,0.0158661572764376,0.0225025272055489,"Normal"
"BCY1","BCY1",22824.4095729799,-0.178777296952805,0.0741776617807497,-2.41012311066403,0.0159471383389808,0.0226107806212745,"Normal"
"CLG1","CLG1",14266.052207386,-0.229986201730143,0.0955022698079434,-2.40817524224972,0.0160324832192584,0.0227251563484179,"Normal"
"DAL1","DAL1",1657.50559957275,-0.203469206703146,0.0845788143452161,-2.40567579811025,0.016142583138159,0.0228745440269218,"Normal"
"KRE29","KRE29",816.268786313988,0.252346512747706,0.104904450002476,2.40548911644596,0.0161508330293488,0.0228795620086315,"Normal"
"MDR1","MDR1",2467.94306479329,-0.19267169289737,0.0801011811317374,-2.4053539557737,0.016156808402234,0.0228813558806339,"Normal"
"CHO1","CHO1",7518.40251661974,0.204193207578885,0.0849291013201675,2.4042784440767,0.0162044254205364,0.0229421046382244,"Normal"
"ATG8","ATG8",9072.22934302024,0.184721049771699,0.0768343277605534,2.40414740592726,0.0162102354012674,0.0229436451543135,"Normal"
"YBR053C","YBR053C",5669.31458716631,0.201869343450775,0.0839881371188958,2.40354590988252,0.0162369280794318,0.0229747331211296,"Normal"
"NMD2","NMD2",1163.96030623365,0.233071140867462,0.0969793017295548,2.40330809472547,0.0162474922876226,0.0229829883626079,"Normal"
"RVS161","RVS161",20239.5855112053,-0.205088058765467,0.0853415963928553,-2.40314298576488,0.0162548302982727,0.0229866764899032,"Normal"
"YCR051W","YCR051W",606.872903643169,-0.258020902445297,0.10776718142936,-2.39424376719387,0.0166546757602671,0.0235452631711196,"Normal"
"NRG1","NRG1",3142.35394180835,-0.232239113175082,0.0970047641663326,-2.39410007509389,0.0166612021366655,0.0235476385055432,"Normal"
"FIM1_1182","FIM1_1182",95.0245168420228,-0.49897773302775,0.208476708757511,-2.39344594416125,0.0166909406114612,0.0235828090814452,"Normal"
"YGL081W","YGL081W",14772.5729335286,-0.170839990447167,0.0716830579793459,-2.38326872852427,0.0171596628287175,0.0242380237455635,"Normal"
"YLR177W","YLR177W",6291.97869427784,0.288148298607132,0.120936472507812,2.38264183361657,0.0171889090302595,0.024272278110442,"Normal"
"UBP15","UBP15",6996.87369176267,-0.233971079828645,0.0983816745859759,-2.37819777731246,0.0173974918298159,0.0245596783268668,"Normal"
"GRS1","GRS1",3592.49668705743,-0.204602320708315,0.0860845405333993,-2.3767603270059,0.0174654323030988,0.0246484274065516,"Normal"
"YHR112C","YHR112C",3323.36893383534,-0.189348359002139,0.0797149931536773,-2.37531675674998,0.0175338960349437,0.0247378631921578,"Normal"
"EAF5","EAF5",419.878649315014,0.27720998319281,0.116710467254858,2.37519384261802,0.0175397362976417,0.0247389197881686,"Normal"
"CBC2","CBC2",862.776842181491,0.229601653000322,0.0966721649509469,2.37505442354401,0.0175463628565139,0.0247410844804994,"Normal"
"CFD1","CFD1",772.150500827146,-0.243364004984847,0.102528000510553,-2.37363455615032,0.0176139739395728,0.0248292136270334,"Normal"
"SCT1","SCT1",14852.8945308489,0.222996276022439,0.0939853096198587,2.37267161138682,0.017659957184903,0.0248868132138758,"Normal"
"BRR6","BRR6",208.844729915276,-0.390282052246155,0.164864090790073,-2.36729569414308,0.0179186101960349,0.025243991575104,"Normal"
"IDI1","IDI1",864.116153659458,0.229436541983976,0.0969691756759896,2.36607705886466,0.0179777020817271,0.0253198998304673,"Normal"
"RSM28","RSM28",5144.92442986838,-0.213147018318996,0.0901454881845892,-2.36447794128685,0.0180555025580009,0.0254221057459654,"Normal"
"NEL1","NEL1",1365.30772796164,0.226703645179866,0.0959787276339392,2.36201969716153,0.0181756764645471,0.0255838968543553,"Normal"
"HRD1","HRD1",3833.68394506016,0.205268145177198,0.0869303168788105,2.36129525978103,0.0182112247189106,0.0256265105442185,"Normal"
"UBX5","UBX5",2508.54623323379,-0.194320659909411,0.0823078596407538,-2.36090041409843,0.0182306254779465,0.0256463836703365,"Normal"
"SFH5","SFH5",1177.41846886524,0.246469429201501,0.104502526785126,2.35850210309537,0.0183488558169423,0.0258052360099921,"Normal"
"IZH2","IZH2",3859.33991547943,0.196135705946139,0.0832050706776185,2.35725664732712,0.0184105178373514,0.0258844635913456,"Normal"
"MLP1","MLP1",2532.77752088816,0.177970906576635,0.0755643567559264,2.35522294130661,0.0185115957347652,0.0260126979363968,"Normal"
"FIM1_3027","FIM1_3027",399.559038022279,-0.34566111036155,0.146764694424338,-2.35520614625577,0.0185124324890019,0.0260126979363968,"Normal"
"RAV2","RAV2",1643.93427937296,0.214275471013334,0.0910757369009423,2.35271740097353,0.0186367918893457,0.026179870422183,"Normal"
"YPT7","YPT7",2299.9232150269,-0.182146041172133,0.0774392319230333,-2.35211580291973,0.0186669624404233,0.0262146735543402,"Normal"
"ALA1","ALA1",5547.41723210366,-0.189368226148819,0.0805338739252215,-2.35141086500637,0.0187023699199701,0.0262568088532606,"Normal"
"GAL7","GAL7",17988.6858911647,-0.925048761129801,0.394034391698726,-2.34763457357571,0.0188930468505539,0.0265168442076376,"Normal"
"PWP2","PWP2",630.609135185914,0.240972045539564,0.102674785886681,2.34694470953675,0.0189280633351578,0.0265545972371692,"Normal"
"NOT5","NOT5",1441.89509940492,0.270765384786909,0.115372028320707,2.3468893520208,0.018930875659509,0.0265545972371692,"Normal"
"VMA4","VMA4",6305.79717582001,-0.208079204730269,0.08876586120958,-2.34413548063242,0.0190712424320069,0.0267437711333684,"Normal"
"DGA1","DGA1",1619.16289012518,-0.226271283911666,0.0967177277580194,-2.3395016524559,0.0193094861524864,0.0270700499754563,"Normal"
"MRPL17","MRPL17",3574.04464936668,-0.20943393635007,0.0895405403663701,-2.33898450347894,0.0193362355138255,0.0270997312840144,"Normal"
"RCO1","RCO1",654.093744905131,0.323182262693977,0.138249475116746,2.33767442821076,0.019404143693419,0.0271870629199317,"Normal"
"THI13","THI13",115.89512266823,0.444035857637232,0.190159612147142,2.33506922223655,0.0195398048492099,0.0273692452471348,"Normal"
"FIM1_3263","FIM1_3263",629.538134947872,-0.26939412226906,0.11537829242449,-2.33487700856178,0.0195498467515465,0.027375419413765,"Normal"
"LST4","LST4",2525.9797315952,0.239585587354401,0.102820369924646,2.33013737968447,0.0197988913558406,0.027716166262757,"Normal"
"HEL2","HEL2",2441.01136599568,-0.192315830084246,0.0825389304705791,-2.33000147915408,0.0198060729407753,0.0277182339917129,"Normal"
"STR3","STR3",6620.21962938279,0.173512553339695,0.0744825828796558,2.32957218495021,0.0198287736873739,0.0277420130569968,"Normal"
"RAD18","RAD18",525.999083050155,0.275245313672544,0.118220002601469,2.32824655401524,0.0198990154714032,0.0278322729348152,"Normal"
"LYS14","LYS14",2409.8001577292,0.209787780159564,0.090113437670214,2.3280410289897,0.019909925143057,0.027839518351112,"Normal"
"KHT2","KHT2",34049.4475353678,-0.977143620802176,0.419787041389599,-2.3277126839542,0.019927365176407,0.0278558882025782,"Normal"
"FIM1_2427","FIM1_2427",286.38513592719,-0.414628754660111,0.178183209059068,-2.3269799486138,0.0199663324782939,0.0279023323301784,"Normal"
"YNL134C","YNL134C",55977.0679609795,-0.18670551310363,0.0803196729600347,-2.32453029529304,0.0200970897998441,0.0280769865835085,"Normal"
"FIM1_617","FIM1_617",394.659930270412,0.290456395412112,0.125228404775391,2.31941304317557,0.020372651097737,0.0284537831801966,"Normal"
"YBL055C","YBL055C",263.254788289307,0.389895578902803,0.168282361719211,2.31691292491703,0.020508475554018,0.0286352536543027,"Normal"
"FIM1_988","FIM1_988",3633.56451823677,0.190660330524727,0.0823414205410882,2.31548507752047,0.0205864002857921,0.0287357997669244,"Normal"
"WHI5","WHI5",2685.00266590309,-0.224505456485936,0.0969910985224468,-2.31470165722454,0.0206292650198276,0.0287840183742223,"Normal"
"RCM1","RCM1",157.224151561833,0.37939642756875,0.163911829308746,2.31463726058548,0.0206327919319647,0.0287840183742223,"Normal"
"MPH1","MPH1",833.756356409494,0.260973610771298,0.112786382199802,2.31387518316689,0.0206745697684894,0.0288340225330339,"Normal"
"RKM4","RKM4",3718.83774223912,-0.225328039022288,0.0974344899293852,-2.31261064932544,0.0207440554959319,0.0289226300300525,"Normal"
"BOS1","BOS1",585.674941232698,-0.286101723104869,0.123782172061165,-2.31133222451045,0.0208145113948266,0.0290125389751757,"Normal"
"NEW1","NEW1",3414.63701307364,-0.191397899107487,0.0828510213729044,-2.31014531789564,0.0208801102199402,0.0290956282072526,"Normal"
"RPL29","RPL29",146.143331780307,-0.389546722305412,0.168656604337694,-2.30970333972478,0.0209045837951814,0.0291213797766016,"Normal"
"PRP43","PRP43",1118.05486406954,-0.216377901866528,0.093807205394876,-2.30662347263942,0.021075819829755,0.0293515071805043,"Normal"
"YNL010W","YNL010W",2577.07133013014,0.260947174042242,0.113159068940344,2.30602086501621,0.0211094664972424,0.0293899420372782,"Normal"
"SPT8","SPT8",800.790676030175,-0.234511339912862,0.101834012290672,-2.3028783275619,0.0212856898621441,0.0296268023604005,"Normal"
"FIM1_143","FIM1_143",2569.18938680056,0.219080165397647,0.095258004416928,2.29986095907249,0.0214560985382098,0.0298554360816614,"Normal"
"CTP1","CTP1",359.815819395355,-0.323515407715446,0.140705927116606,-2.29923084510392,0.021491834365314,0.0298965998228058,"Normal"
"HBN1","HBN1",1162.04204747221,-0.241798222248456,0.105428621950038,-2.29347797378061,0.0218205020367055,0.0303451114471528,"Normal"
"TFC8","TFC8",170.187157552733,-0.442479941330461,0.193132144066918,-2.29107352102479,0.0219591618065224,0.0305292037819435,"Normal"
"MRPL51","MRPL51",1217.08080932227,0.214133795783201,0.0934832553730031,2.29061124293111,0.0219859081004779,0.0305576451545258,"Normal"
"PPN1","PPN1",3888.45041303635,-0.168429632623313,0.0736877188194424,-2.285721899412,0.0222705332533485,0.0309355406169298,"Normal"
"APT1","APT1",354.661136719418,0.332957096808487,0.145661558106349,2.28582682443497,0.0222643917321682,0.0309355406169298,"Normal"
"ELP2","ELP2",1513.9340673976,-0.200930086344745,0.0879678322354143,-2.28413138347012,0.0223638106625882,0.0310562320690244,"Normal"
"STU1","STU1",2674.41627249315,0.237739098243936,0.104177744605736,2.28205265091567,0.0224862319735963,0.0312173146170584,"Normal"
"YNL162W-A","YNL162W-A",202.881144402382,0.334822874462078,0.146969115425599,2.27818527377323,0.0227155412944397,0.0315266538559504,"Normal"
"PGM3","PGM3",1209.47339354086,-0.259219021107189,0.113926382413464,-2.27532039213206,0.0228867170199145,0.031755156481943,"Normal"
"SUR1","SUR1",3561.52622441717,0.201538596897017,0.0886599895015898,2.27316287797894,0.0230163664261398,0.0319259276233553,"Normal"
"NNF1","NNF1",710.11894143372,-0.223463400505934,0.0984799608879036,-2.26912560170789,0.023260688894766,0.0322556185330103,"Normal"
"COQ10","COQ10",190.839065649396,0.357786442461681,0.157743111018935,2.26815890818036,0.0233195229867408,0.0323279778010195,"Normal"
"GSH2","GSH2",1091.67175694388,-0.209744350397883,0.0924977887609645,-2.2675606974769,0.0233559954558613,0.0323693045978409,"Normal"
"YJL206C","YJL206C",1962.90621718842,0.279980594283709,0.123517468174261,2.26672873417957,0.0234068019666524,0.0324304678517149,"Normal"
"APN2","APN2",466.412569493908,-0.263160077459455,0.116192116118983,-2.26487033930921,0.0235206374062331,0.0325788988474592,"Normal"
"TAN1","TAN1",487.026273308862,0.261406867760027,0.115462092781888,2.26400597340492,0.0235737473870559,0.032643157182589,"Normal"
"DNF3","DNF3",2110.64977506443,0.260554378278994,0.115153549896798,2.26266909281136,0.0236560954409215,0.0327387987303901,"Normal"
"MSN2","MSN2",3041.88645900245,-0.17963020525311,0.0793887443127154,-2.26266590822422,0.0236562919000617,0.0327387987303901,"Normal"
"SNU13","SNU13",2359.52115680965,-0.197482225320261,0.0873171020922032,-2.26166719449448,0.023717973042197,0.0328148152084383,"Normal"
"CTI6","CTI6",2363.79061711611,-0.207419816799889,0.0917275165628368,-2.2612605744951,0.0237431260708306,0.0328402646109212,"Normal"
"ASG7","ASG7",38.8871864324189,-0.699193555947331,0.309349923019827,-2.26020277982263,0.0238086684211295,0.0329215480530074,"Normal"
"MST28","MST28",668.879166306273,0.29775286993788,0.131791676908843,2.25926915053846,0.0238666476560451,0.0329923302875457,"Normal"
"URB2","URB2",945.0461435601,0.247043375065206,0.109354944103512,2.2590965327673,0.0238773807818781,0.0329977796413952,"Normal"
"PAR32","PAR32",1866.15517580032,-0.234364846696995,0.103846628160826,-2.25683636385417,0.0240183015928985,0.0331830899743798,"Normal"
"RIC1","RIC1",1015.93126888282,-0.213004630311778,0.0944502949183067,-2.25520344320802,0.0241205619106603,0.0333148977611991,"Normal"
"PPQ1","PPQ1",21533.9350814151,0.236027747738112,0.104697136771528,2.25438588882498,0.0241719022452371,0.0333763208325112,"Normal"
"YGL185C","YGL185C",1506.64314422552,-0.230814501489348,0.102408395647418,-2.25386307470356,0.0242047832818456,0.0334122278313885,"Normal"
"FSH3","FSH3",905.110672760826,-0.212274729246594,0.0942356365596726,-2.25259505847531,0.0242846929813096,0.0335130142562293,"Normal"
"STV1","STV1",3435.9404903772,0.19757959556103,0.0878438334261292,2.24921417764835,0.0244988728861189,0.033798984484285,"Normal"
"INP2","INP2",276.229650423048,-0.371803107184499,0.165627020917475,-2.24482155825138,0.0247795902259303,0.0341765622786817,"Normal"
"RKM1","RKM1",546.449825358094,-0.266329457250363,0.118681762039076,-2.24406389553497,0.0248282905404433,0.0342340135459745,"Normal"
"NDE1","NDE1",7605.01326396182,-0.18188795273842,0.0811460149553857,-2.2414896509511,0.0249943751471346,0.0344532393872134,"Normal"
"FIM1_4387","FIM1_4387",26.3621482103644,0.874079463333621,0.390254132741247,2.23976990888952,0.0251058643590194,0.034597105763039,"Normal"
"SAE3","SAE3",25.847883572829,0.959083071839394,0.428580426205645,2.23781351922777,0.0252332184292718,0.0347627469089401,"Normal"
"ABD1","ABD1",1322.49124718137,-0.188854922609797,0.0846081766571997,-2.23211195502966,0.0256075644943735,0.0352684682194334,"Normal"
"IPI3","IPI3",430.072831201126,-0.257420140654266,0.115348780712391,-2.23166763501482,0.0256369378416661,0.0352989178159975,"Normal"
"APM2","APM2",442.338208093069,0.266380738182095,0.119373891466836,2.23148240296833,0.0256491918667928,0.0353057856319395,"Normal"
"MCM10","MCM10",3.02716583339159,3.08390625978919,1.38248101241553,2.23070424265781,0.0257007264240721,0.0353667033969318,"Up"
"FIM1_4082","FIM1_4082",15.3393396984899,-1.15870860329788,0.519515245407295,-2.23036496722915,0.0257232233484584,0.0353876393686749,"Down"
"PZF1","PZF1",138.840831194092,0.41415244973203,0.185803216434094,2.22898428606554,0.0258149503458278,0.035503776883775,"Normal"
"RCN2","RCN2",6476.24204310539,0.222126892121948,0.0998154184444798,2.22537655588251,0.0260559700226577,0.0358251155461499,"Normal"
"YGR015C","YGR015C",1937.09377985633,-0.289339345697695,0.130391647225901,-2.21900215123766,0.0264865781804095,0.0364068694140338,"Normal"
"FIM1_2305","FIM1_2305",3060.37452564352,-0.220493124299054,0.099434436906903,-2.21747244876032,0.0265908237337829,0.036539822545942,"Normal"
"FIM1_2","FIM1_2",23.6366856745403,-0.959065879230496,0.432629734556569,-2.21682839302182,0.0266348204937207,0.0365899329315773,"Normal"
"PRS4","PRS4",3036.68298115259,-0.171877657352766,0.0775540170787289,-2.21623152258232,0.0266756500504637,0.03663566523324,"Normal"
"THI3","THI3",1025.13173192288,-0.221974444413921,0.100170594531178,-2.21596413051969,0.0266939588144453,0.0366504509407713,"Normal"
"RRP9","RRP9",752.888543901102,-0.227690107520428,0.102862957081903,-2.21352869856865,0.0268612169238397,0.0368696759980048,"Normal"
"INP53","INP53",1789.09275343405,0.235064666156333,0.106299209173673,2.21134915286417,0.0270116680306776,0.0370657144764368,"Normal"
"HMS1","HMS1",21618.6244166377,0.29321382304127,0.132621239927309,2.2109114890042,0.0270419669244615,0.037096814592309,"Normal"
"SUS1","SUS1",204.191745552876,-0.330206856993113,0.149395295477799,-2.2102895271035,0.0270850749955956,0.0371454641274623,"Normal"
"UGA1","UGA1",15415.7020830807,-0.176806843801921,0.0801943726444277,-2.20472881040995,0.0274731301783163,0.0376670258285662,"Normal"
"FIM1_304","FIM1_304",2529.80457684642,-0.212267508731567,0.0965229628786768,-2.19914000151833,0.027867968969072,0.0381975913175517,"Normal"
"HST2","HST2",795.67708493518,0.327565891814812,0.149014748235228,2.19821122200423,0.0279340573490042,0.0382745723197656,"Normal"
"RPD3","RPD3",2429.88877152129,0.171484699672368,0.0780139240918907,2.19812939380386,0.0279398864001252,0.0382745723197656,"Normal"
"CCR4","CCR4",3721.75151918102,0.200125985391144,0.0910779200707585,2.19730517819979,0.0279986580898843,0.0383442727335817,"Normal"
"PEP8","PEP8",1289.60485447731,0.221321443510125,0.100786392973721,2.19594567262499,0.0280958321375833,0.0384665112303514,"Normal"
"YIA6","YIA6",4002.13484919122,0.181959853474726,0.0829051554419287,2.19479539607378,0.0281782778988671,0.0385576604648255,"Normal"
"SNN1","SNN1",396.323650257498,0.263871988351877,0.120222838765886,2.19485740863034,0.0281738278544862,0.0385576604648255,"Normal"
"TMA46","TMA46",1181.65513515802,-0.205416497582972,0.0936608652204311,-2.19319453327197,0.0282933662513784,0.038704241727322,"Normal"
"FAL1","FAL1",383.371194780335,0.26824026186894,0.122368998613612,2.1920606110043,0.0283751304069152,0.0388051670833665,"Normal"
"MRPL11","MRPL11",4727.92615394914,0.203659834737637,0.0929931343458969,2.19005237505066,0.028520438604732,0.0389929125437233,"Normal"
"PKP2","PKP2",3186.70771678712,0.186431493011728,0.0851797282262997,2.18868382059672,0.0286198287461819,0.0391177912454846,"Normal"
"HSP60","HSP60",57734.2494805992,0.155541323045676,0.0710783677366651,2.18830746960783,0.028647213166892,0.039144209442612,"Normal"
"YLR419W","YLR419W",709.909794905009,0.301376847931674,0.137945714999899,2.18474961641175,0.0289072100684753,0.0394883704590165,"Normal"
"SRB4","SRB4",836.749147300171,0.247298518764309,0.1132440090614,2.18376690134864,0.0289793808980604,0.0395758324293635,"Normal"
"ICE2","ICE2",1157.36183686844,0.195760466939985,0.0897463086408174,2.18126483311372,0.0291638339253573,0.0398165408944397,"Normal"
"TAZ1","TAZ1",1794.90564528686,0.187588709900981,0.0860196126960595,2.18076673471902,0.0292006741901337,0.0398556392949044,"Normal"
"EXG1","EXG1",10846.153441198,0.242047860786105,0.111007527815859,2.18046348341006,0.0292231228158968,0.0398750782820675,"Normal"
"SSP120","SSP120",1247.73184004585,0.208598093801399,0.0958010218940661,2.17740990312255,0.0294499974501028,0.0401620930704601,"Normal"
"pheS","pheS",6167.91201846129,-0.187353170735913,0.0860409374149433,-2.17748872065838,0.0294441224774599,0.0401620930704601,"Normal"
"CMD1","CMD1",5288.4860511842,-0.175884163641697,0.080914966011387,-2.17369137394119,0.0297283209192679,0.0405302781556461,"Normal"
"MLS1","MLS1",61190.2960914038,-0.302760666765371,0.139340343961103,-2.17281411943326,0.0297943101903467,0.0406088508316676,"Normal"
"SHO1","SHO1",1924.80772420254,-0.190227308027788,0.0876220476437338,-2.17099820357134,0.0299313081725737,0.0407841352805764,"Normal"
"RSE1","RSE1",1398.58925901286,0.234255080218957,0.108201867711851,2.16498185449807,0.0303890749033855,0.0413962755692599,"Normal"
"FIM1_2336","FIM1_2336",3702.46567318425,-0.182844660516336,0.0845674376389391,-2.16211659737157,0.030609190016858,0.0416839162399169,"Normal"
"YPR089W","YPR089W",2273.79729580843,0.176224106900883,0.0815093780355243,2.16201020236075,0.0306173898045408,0.0416839162399169,"Normal"
"MGA2","MGA2",10812.908332248,-0.158825476265185,0.0734820306219687,-2.16141926020348,0.030662967640784,0.0417342744444172,"Normal"
"YNL247W","YNL247W",1458.62449912415,0.232629155190977,0.107912474877754,2.15572069359456,0.0311054813194856,0.0423247084097957,"Normal"
"KOG1","KOG1",1740.00965014985,0.189444331631707,0.0879780380575003,2.15331389304102,0.0312940176486748,0.0425693257992472,"Normal"
"PAM17","PAM17",3725.90031198817,0.186337887719749,0.0865955938445155,2.15181719354362,0.0314117551292476,0.042717525377278,"Normal"
"MER1","MER1",104.633715821898,-0.44423355155492,0.206564382274723,-2.1505815603975,0.0315092420560576,0.0428381105625025,"Normal"
"SPS1","SPS1",1369.31384342048,0.228731224523778,0.106364670414018,2.15044359779855,0.0315201428878778,0.0428409438579575,"Normal"
"AVO1","AVO1",1089.73058041875,0.252734152932696,0.117624845511093,2.14864599255827,0.0316624728953544,0.0430223590040624,"Normal"
"CDC5","CDC5",2102.48776566991,0.186930181446165,0.0870479969077548,2.14743805815837,0.0317584235138088,0.0431406709123838,"Normal"
"FIM1_1427","FIM1_1427",54.3274052022509,-0.578572533270249,0.269564584055365,-2.14632250485627,0.0318472573094209,0.043237167719049,"Normal"
"FIM1_2306","FIM1_2306",4019.96124859095,-0.195335933273723,0.0910085948481548,-2.14634599731636,0.0318453843630111,0.043237167719049,"Normal"
"DRS2","DRS2",2802.08497058961,-0.178193085852128,0.0833228918301683,-2.13858499072893,0.0324692941468231,0.0440693576143613,"Normal"
"FUR4","FUR4",1828.63483227642,-0.182522028444744,0.0854375780825027,-2.13632025323204,0.0326533191601207,0.0443067516892004,"Normal"
"FIM1_4193","FIM1_4193",363.558275900647,0.269040931368283,0.126035277585284,2.1346478265677,0.0327897876798123,0.0444795026064232,"Normal"
"FIM1_1203","FIM1_1203",9375.3728060145,0.198412938946329,0.0930207494467195,2.13299656395454,0.032925008069685,0.0446504644740719,"Normal"
"SUB1","SUB1",1942.26737457302,-0.177039369197899,0.0830383744812216,-2.13201872392064,0.0330053073336703,0.0447363557906634,"Normal"
"FIM1_2790","FIM1_2790",2474.01682219612,0.189655773997183,0.0889566969089967,2.13200108128118,0.0330067576681474,0.0447363557906634,"Normal"
"PYD2","PYD2",255.021885928105,0.287241672649817,0.134899333777234,2.1293038639031,0.0332291283351457,0.0450251909036455,"Normal"
"RHO3","RHO3",1747.13735564718,-0.206569876927419,0.0970208135062271,-2.12912950801181,0.0332435470263688,0.0450321703376432,"Normal"
"KIF1C","KIF1C",155.387525326724,-0.347651253866138,0.163439468388923,-2.12709486449664,0.0334122018939498,0.0452480181166951,"Normal"
"MHR1","MHR1",5060.83248837093,-0.196575168089752,0.0924416903382516,-2.12647742993954,0.0334635265944641,0.0452927391905966,"Normal"
"FIM1_4595","FIM1_4595",3946.98609229806,0.255440364758992,0.120123944851079,2.12647332782543,0.033463867811122,0.0452927391905966,"Normal"
"CGR1","CGR1",399.645503998212,-0.250658172602767,0.117930439467018,-2.12547476067763,0.0335470179083084,0.0453926371530132,"Normal"
"YVH1","YVH1",229.353851617789,0.331509885341332,0.156043047980603,2.12447712109892,0.0336302671887909,0.0454926136610064,"Normal"
"NFS1","NFS1",9940.70061039168,-0.150966773951693,0.0711603060245193,-2.12150259583869,0.0338795297240633,0.0458170428414204,"Normal"
"CDC42","CDC42",2018.14127495649,0.172122239057062,0.0812108867275832,2.1194478473611,0.0340526368112072,0.0460383311813177,"Normal"
"CIN4","CIN4",1704.23791069889,0.223694388626309,0.105758261229507,2.11514813146245,0.0344173240738952,0.0465184360709477,"Normal"
"BRX1","BRX1",1548.68371229648,0.189097575706863,0.0894168362271469,2.1147871439613,0.0344480930818087,0.0465470757187176,"Normal"
"PAM18","PAM18",3378.98652224866,0.195960504081872,0.0926805654513932,2.11436457176823,0.034484141156195,0.0465828306583129,"Normal"
"PRP11","PRP11",675.365004595763,0.208102463234971,0.0984411113017329,2.11397921542265,0.0345170425739646,0.0466143162498316,"Normal"
"BCK1","BCK1",3068.76319417856,-0.173880811545428,0.082283421905547,-2.11319373354484,0.0345841894386354,0.0466814994975566,"Normal"
"TDA11","TDA11",436.606432455592,0.290324889374657,0.137388162830287,2.11317251351042,0.0345860049786384,0.0466814994975566,"Normal"
"EPO1","EPO1",2358.41777189006,0.171824149551079,0.0813451933265772,2.11228399029375,0.0346620982015252,0.0467712122080563,"Normal"
"SSN3","SSN3",956.118469516281,-0.197368111049734,0.0935076458362623,-2.11071628725781,0.0347967051953761,0.0469398085908751,"Normal"
"SPT15","SPT15",2566.06438713772,0.187943302640452,0.0891178093380902,2.10893090883152,0.0349505457910925,0.0471342497915399,"Normal"
"PTI1","PTI1",1178.53137971377,-0.215124760780119,0.102147535153338,-2.1060200861155,0.0352026076216009,0.0474610073344503,"Normal"
"MED11","MED11",944.710341929409,0.196045809222485,0.0931187959983421,2.10533015510612,0.0352625789426164,0.0475286743639869,"Normal"
"MRPL44","MRPL44",6.22066341241211,1.70300323284781,0.810335250925105,2.10160329431999,0.0355880410509588,0.0479540464411006,"Up"
"NOP10","NOP10",813.067337538608,-0.219015537991742,0.104374429534987,-2.09836392847854,0.0358730091998882,0.0483246331306507,"Normal"
"ATG31","ATG31",447.458388942521,0.258071019956346,0.122998924124664,2.0981567261091,0.0358913028936772,0.0483358760422332,"Normal"
"FIM1_472","FIM1_472",18964.4165308423,-0.260736522637837,0.124576146123703,-2.0929891536292,0.0363501227968516,0.048940217974481,"Normal"
"RTT103","RTT103",1240.58110323996,0.184015311159129,0.0880413543908069,2.09010086717093,0.0366087398063001,0.0492747553237707,"Normal"
"RPA43","RPA43",456.625554125166,0.242695900319961,0.116134051992894,2.08979103161588,0.0366365753377494,0.049298565374169,"Normal"
"HMX1","HMX1",16366.2435407714,-0.194910221216137,0.0933206866507502,-2.08860680532263,0.0367431320877133,0.0494282610227572,"Normal"
"IKI1","IKI1",588.808693571908,0.229302474046035,0.11006789965384,2.08328199926758,0.0372255265423577,0.0500633361387534,"Normal"
"RPF1","RPF1",1129.99906494262,-0.183941195354534,0.0884944157375893,-2.07856274117874,0.0376575585442417,0.0506303478047788,"Normal"
"MIF2","MIF2",287.069372463434,0.322599007761121,0.155215877765321,2.07838922412871,0.0376735244141304,0.0506378022484812,"Normal"
"IES3","IES3",741.559276821072,0.206179781433016,0.0993347528722133,2.07560572177847,0.0379304318164788,0.0509690177533934,"Normal"
"NOP13","NOP13",809.793414211485,-0.222893677068584,0.107542199652778,-2.07261593856404,0.0382080365192937,0.0513278544227946,"Normal"
"TAF14","TAF14",2396.16500984121,-0.164223433938772,0.0794976270022012,-2.06576523264304,0.0388506524290285,0.0521767054042701,"Normal"
"ARP4","ARP4",937.327700810383,0.209239927594771,0.101503609306196,2.06140381632714,0.0392645310777079,0.0527179763765081,"Normal"
"YRB1","YRB1",6709.70174726662,-0.166959891265921,0.0810240775446575,-2.06062069850655,0.0393392404930082,0.0528036932473831,"Normal"
"STB2","STB2",2502.48450889852,0.207826576574197,0.100868055330352,2.06038052278836,0.039362177418676,0.0528198895546387,"Normal"
"FIM1_2451","FIM1_2451",31.2555622216526,0.802994357861799,0.390018354728292,2.05886299484856,0.0395073649168909,0.0530000789981151,"Normal"
"GNT1-B","GNT1-B",1447.87741107596,0.195608914672372,0.0950644367997861,2.05764554293148,0.0396241714368661,0.0531421057167355,"Normal"
"ATG22","ATG22",4142.85713585591,-0.202259741883942,0.0983697031189465,-2.05611825054889,0.0397711194915536,0.0533244673315284,"Normal"
"MET16","MET16",789.356536791324,-0.206389310038665,0.100632786368462,-2.0509151886442,0.0402752067456519,0.0539854426419649,"Normal"
"RMR1","RMR1",1736.00348355408,-0.176735835484411,0.0862829081331787,-2.04832960905325,0.0405277136330069,0.05430892458433,"Normal"
"MZM1","MZM1",4320.62180136391,0.173083377817799,0.084709678255478,2.04325386877038,0.0410273136483352,0.054963252555076,"Normal"
"TIM50","TIM50",10315.6727160618,0.157797181723683,0.0773953591200657,2.0388455266276,0.0414654469663258,0.0555348971359915,"Normal"
"LEU5","LEU5",4190.57365392093,0.177542304639085,0.0871219249218693,2.03786021484609,0.0415639143814665,0.0556514356515695,"Normal"
"FIM1_5167","FIM1_5167",506.070368401044,-0.238698220243233,0.117181976239125,-2.03698749504051,0.0416512951582779,0.0557530697449235,"Normal"
"COG6","COG6",828.519407582926,0.202673824932258,0.0997003888809106,2.03282883053091,0.0420698192962185,0.0562977835197813,"Normal"
"REC114","REC114",51.8245554291295,0.581884719712726,0.286482627120683,2.03113440267218,0.0422413624384071,0.0565117786586509,"Normal"
"HHT1","HHT1",67349.5811919893,-0.172987465884289,0.0851854626090403,-2.03071581213589,0.0422838313992496,0.0565530241588093,"Normal"
"ILS1","ILS1",3827.29415316206,-0.166601384005673,0.0821118500170272,-2.02895664841464,0.0424627060536045,0.0567766342087134,"Normal"
"BRN1","BRN1",926.793224619088,0.193241042256849,0.095286969398183,2.02799022234969,0.0425612459324427,0.0568927356219365,"Normal"
"uch2","uch2",1019.46659985938,-0.190641336487662,0.0943716932034972,-2.02011143401417,0.0433718301030585,0.0579603197114305,"Normal"
"UGO1","UGO1",4619.30342051293,0.164523763022387,0.081479172384285,2.01921249575822,0.0434651381055809,0.0580690420827654,"Normal"
"ARG81","ARG81",585.377120238284,0.255733755649552,0.126773790484589,2.01724468971084,0.043669984486434,0.0583266780152784,"Normal"
"ATG32","ATG32",6040.6263713801,0.170967711029655,0.0848693841199739,2.01448040188403,0.0439591204485546,0.0586967205989357,"Normal"
"VPS3","VPS3",495.753359329936,0.272314561476301,0.135197798712815,2.01419375218341,0.043989195399862,0.0587207418812992,"Normal"
"MSS1","MSS1",1186.2290148569,-0.17748971787384,0.0882030202761383,-2.01228617022604,0.0441897794311607,0.0589722983400192,"Normal"
"BCK2","BCK2",8053.65328209635,0.249498763115515,0.124218170087853,2.00855287868963,0.0445845728566229,0.0594828224904807,"Normal"
"FIM1_4696","FIM1_4696",1.95331002561696,-3.28444096619077,1.63614714859473,-2.00742394656358,0.0447045411540109,0.0596265071280097,"Down"
"SSY1","SSY1",1204.12265422976,0.173188432325762,0.0863687040869278,2.00522207849098,0.0449393107630438,0.059923191821523,"Normal"
"FAU1","FAU1",384.360473279309,-0.237636115666785,0.118551634320126,-2.00449464091818,0.0450171004121529,0.0600104501790537,"Normal"
"UFD1","UFD1",2232.69251111473,-0.161582960127701,0.0806949103475259,-2.002393452472,0.0452424321187348,0.0602942889920275,"Normal"
"NCB2","NCB2",1732.61265097809,0.236718366871674,0.118284319840234,2.00126582451003,0.045363750630123,0.0604393924627824,"Normal"
"WWM1","WWM1",20635.4982655994,0.236838760660109,0.118487531563946,1.99884964716555,0.0456246241950392,0.0607686153911149,"Normal"
"HSL7","HSL7",2039.11665368599,0.182331192632573,0.0912228030461482,1.99874578004728,0.0456358669607282,0.0607686153911149,"Normal"
"FIM1_3596","FIM1_3596",32.9302349497817,-0.712077323717238,0.356465482641129,-1.99760526164078,0.0457594723669936,0.0609165140359512,"Normal"
"FIM1_1148","FIM1_1148",2743.0362482248,0.162886938367726,0.0815696990706412,1.99690498093738,0.0458355060134002,0.0610010199175875,"Normal"
"PIF1","PIF1",737.759779650361,-0.233932290867811,0.117232673385323,-1.99545300906786,0.0459934943863013,0.0611945205977651,"Normal"
"PDR5","PDR5",21170.8519611606,0.207434392299972,0.10396989562934,1.99513898753435,0.0460277231782862,0.0612232978163955,"Normal"
"ALR1","ALR1",4798.2905174488,-0.159848459353942,0.0801476607669752,-1.99442451375708,0.0461056817762361,0.061310210112406,"Normal"
"CAK1","CAK1",402.272781841848,0.244391520225052,0.122620411228989,1.99307372871764,0.0462533742611397,0.0614897799001034,"Normal"
"SEE1","SEE1",481.119807959123,-0.259583493354082,0.130252067596179,-1.99293184472794,0.0462689107028989,0.0614936097115388,"Normal"
"GPI10","GPI10",798.929190367773,0.193589425308597,0.0972408345200971,1.99082439248901,0.0465001966945881,0.0617841005575618,"Normal"
"HNT2","HNT2",16.1179298742589,1.0125436932456,0.509704960291762,1.98652901605275,0.0469746142619364,0.0623973894747811,"Up"
"TUL1","TUL1",4330.56401551758,0.145789463941182,0.0735279343596538,1.98277654895171,0.0473923946196101,0.0629351313081949,"Normal"
"PPE1","PPE1",5614.88009856454,0.159386977014893,0.0804177314657722,1.98198797839419,0.0474805861463095,0.0630350186024366,"Normal"
"FIM1_44","FIM1_44",106.86444954113,-0.394874043793993,0.199685752734499,-1.97747730314548,0.0479877035801095,0.0636908636153379,"Normal"
"FIM1_660","FIM1_660",2834.98256993526,-0.159963038626162,0.0809091792987792,-1.97706910405623,0.0480338195369719,0.063734661149685,"Normal"
"FIM1_2572","FIM1_2572",352.904585908568,0.293610942827958,0.148792133878639,1.97329613585245,0.048461832922542,0.0642850248896073,"Normal"
"ERG6","ERG6",2593.90413685201,-0.196206366011284,0.099536691234409,-1.97119638575505,0.0487014171743295,0.0645852036162847,"Normal"
"MAM3","MAM3",8906.47134824446,0.164609764000552,0.0835232621063469,1.97082537067291,0.0487438536996367,0.06462384314503,"Normal"
"FIM1_2806","FIM1_2806",329.697270384705,0.25574134908046,0.129906304341148,1.96866003060833,0.0489921440324909,0.064935304924679,"Normal"
"VHS2","VHS2",10540.955146555,0.164284067142294,0.0834572776262263,1.96848102184761,0.0490127176271315,0.0649448581811377,"Normal"
"VAM3","VAM3",399.424824687473,0.227273682291018,0.115465978105042,1.96831730022034,0.0490315406099383,0.0649520871929362,"Normal"
"FOL2","FOL2",1340.51221890092,-0.207345105551384,0.105629406118246,-1.96294870122883,0.0496521350528974,0.0657562617121909,"Normal"
"CDC24","CDC24",1723.78806368434,0.224550470403662,0.11457080891045,1.95992742426365,0.0500042736889294,0.066204568352727,"Normal"
"SYS1","SYS1",237.435582280279,-0.288058943836668,0.147316113362698,-1.95537974265894,0.0505382653144807,0.0668933345581754,"Normal"
"ERJ5","ERJ5",320.917343798059,-0.263534317723331,0.134806942339699,-1.95490167753566,0.05059467653254,0.0669497639628572,"Normal"
"GDA1","GDA1",522.574577043149,0.230716622559206,0.118095625945656,1.95364240387171,0.0507435221442353,0.067128443805837,"Normal"
"TRM2","TRM2",812.912561489876,-0.205476630382401,0.105457090933545,-1.94843825638888,0.0513625459987145,0.0679288543842553,"Normal"
"TKL1","TKL1",18978.4549155257,-0.144569254844798,0.0742035336204607,-1.94827992402959,0.0513814779954881,0.0679354017904971,"Normal"
"SRO9","SRO9",1552.2388640601,-0.175216384127149,0.0899824559478301,-1.94722829335461,0.0515073710791504,0.0680833286380827,"Normal"
"RRP46","RRP46",526.050399032368,-0.225269032276959,0.115841634770574,-1.94462925806518,0.0518196153010897,0.0684774301735096,"Normal"
"RGS2","RGS2",1243.60636337826,-0.214553942496676,0.110423542416518,-1.94300905224882,0.0520150645920633,0.0687170198077312,"Normal"
"ESL2","ESL2",10399.4369252561,0.176028480590405,0.0906043087970021,1.94282681395203,0.0520370869621197,0.0687274274392334,"Normal"
"FIM1_2446","FIM1_2446",1104.26328095009,-0.17471461959205,0.0899478121181873,-1.94239988141661,0.0520887096551489,0.0687769131017305,"Normal"
"ATP12","ATP12",1931.89348200961,0.165013673987878,0.0849877399247059,1.94161739250944,0.0521834357666873,0.0688832693263607,"Normal"
"ALG9","ALG9",1576.17585037897,-0.17075123061657,0.0880874351564894,-1.93842890661111,0.0525709165866601,0.0693759054031998,"Normal"
"FIM1_624","FIM1_624",11.9787740479363,-1.13229004104109,0.58441164538265,-1.93748712912746,0.052685825199262,0.0695086681083937,"Normal"
"ECM1","ECM1",1777.94803962707,0.154601551716732,0.0798055303797634,1.93722854770896,0.0527174120705136,0.0695314617944152,"Normal"
"FIM1_710","FIM1_710",1362.9479806211,-0.167535256826831,0.0865554242819486,-1.9355835664452,0.0529187246902276,0.0697780415928944,"Normal"
"och1","och1",1132.59383479547,-0.180561287379049,0.0933943489782208,-1.9333213342614,0.0531966252601318,0.0701254482200164,"Normal"
"ATP23","ATP23",1883.96702544623,0.161466306483447,0.083531333969528,1.93300284827666,0.0532358469259457,0.0701581177686928,"Normal"
"FIM1_865","FIM1_865",5265.05424368495,-0.162832759853567,0.0842798579821091,-1.9320483417062,0.0533535394729551,0.0702941562633105,"Normal"
"SWI3","SWI3",2563.11393564428,-0.199849805305365,0.103602688413443,-1.92900211727935,0.0537305993805064,0.0707717490891517,"Normal"
"MATA2","MATA2",31.1278266900426,0.719538061533443,0.374026447566906,1.92376252057612,0.0543843573059529,0.0716134396069445,"Normal"
"MAD2","MAD2",81.737791959668,0.449498280375718,0.233868594415277,1.92201215173659,0.0546042287319216,0.0718834861577911,"Normal"
"rplK","rplK",1685.8032025174,0.162196658130233,0.0844027706764705,1.92169826689646,0.0546437354645264,0.071916010461033,"Normal"
"CDC53","CDC53",3029.71923466767,0.154496725986122,0.0804340955457436,1.92078651395114,0.054758627359125,0.072047703855399,"Normal"
"YNL035C","YNL035C",366.996398294316,-0.238755712432542,0.124364662774959,-1.91980348038716,0.0548827270971847,0.0721914377274555,"Normal"
"ECM9","ECM9",1104.21633301782,-0.175682416792484,0.0915230376867212,-1.91954311431222,0.0549156353835724,0.0722151751904677,"Normal"
"FIM1_1191","FIM1_1191",64.9646306044303,-0.50865260205743,0.265074464469271,-1.91890457300687,0.0549964117943049,0.0723018303323938,"Normal"
"DIA4","DIA4",1861.58818348406,0.178565848840775,0.093077518375133,1.9184637918804,0.0550522290248842,0.0723556345231032,"Normal"
"YIH1","YIH1",796.27617771101,-0.188673880098955,0.0983937646265244,-1.91753899055605,0.0551694924621627,0.0724901470723766,"Normal"
"UBR2","UBR2",4351.58384459389,0.232881641687363,0.121544053961106,1.91602661008727,0.0553617086867837,0.0727230447442774,"Normal"
"TRM11","TRM11",370.260337343546,-0.251221076453016,0.131218701553215,-1.91452188963426,0.0555535049323285,0.0729552649908605,"Normal"
"VPS28","VPS28",879.947332421277,-0.178799343581257,0.0934294130452778,-1.91373720280793,0.055653742941189,0.0730671539992536,"Normal"
"ACP1","ACP1",3919.51647728669,-0.170128588527297,0.0889287185459672,-1.91308939686742,0.0557366089244125,0.0731561811895517,"Normal"
"CBF1","CBF1",1485.48988970449,-0.168197218308586,0.0881914463647945,-1.90718289858697,0.0564969072373186,0.0741340729857226,"Normal"
"YDR249C","YDR249C",3280.56951007376,0.15299697357833,0.0805513359715875,1.89937226655429,0.0575155472552706,0.0754503358837365,"Normal"
"VPS54","VPS54",612.879384471487,-0.24345550142661,0.128207388933317,-1.8989194261903,0.0575750707356388,0.0755080347380483,"Normal"
"RRP3","RRP3",302.670376363316,-0.294911330985846,0.155357262291562,-1.89827837228736,0.0576594214558394,0.075598253873158,"Normal"
"WSC3","WSC3",10934.4181197399,-0.152108832104659,0.0801759561279564,-1.89718762894329,0.0578031790080368,0.0757662926355681,"Normal"
"NPY1","NPY1",1181.24788198235,-0.186607543716206,0.0984036090132452,-1.89634857488905,0.0579139670937329,0.075872185948622,"Normal"
"AIM14","AIM14",1203.68012781746,-0.188511646452831,0.0994081855304426,-1.89633927474817,0.0579151960657417,0.075872185948622,"Normal"
"YPP1","YPP1",1236.39685508592,0.191247897988912,0.101038391248871,1.89282406048848,0.0583812707514888,0.0764621548737153,"Normal"
"MEI5","MEI5",10.3839042986999,-1.15193208197444,0.609701949709798,-1.88933639218758,0.0588467681113566,0.0770510499199897,"Normal"
"RTG2","RTG2",2924.00403429542,-0.15291032119948,0.0811835870600024,-1.88351274853702,0.0596309138033757,0.0780567376537184,"Normal"
"FEX2","FEX2",133.728837067136,0.371371922814112,0.197193896659634,1.88328304833449,0.0596620194641926,0.0780764213779994,"Normal"
"TPS2","TPS2",14913.8444792111,0.225937466584921,0.120005343373353,1.88272838720188,0.0597371863487333,0.0781537394907094,"Normal"
"TAD3","TAD3",203.00677553511,-0.328555260629554,0.17484075191841,-1.87916865504488,0.060221468116449,0.0787578197634931,"Normal"
"RRG8","RRG8",286.072150890373,-0.247801530951142,0.131872709942472,-1.87909637300426,0.0602313353037951,0.0787578197634931,"Normal"
"COR1","COR1",37450.9042975861,-0.187610625365376,0.0998574508367615,-1.87878444515939,0.0602739318008774,0.0787923149369016,"Normal"
"LPD1","LPD1",50007.372498834,0.135414373577186,0.0721048989097829,1.87801904759086,0.060378559418222,0.0789078591213397,"Normal"
"YLR173W","YLR173W",3151.55076892186,-0.147630208283887,0.0786256381972469,-1.87763446718905,0.0604311872379488,0.078955401664209,"Normal"
"MOT3","MOT3",2886.06097350293,-0.19057748605304,0.10164142557713,-1.87499816114269,0.0607929765072514,0.0794067400131006,"Normal"
"OXA1","OXA1",3039.43859764009,0.17929390966809,0.0956737606724633,1.87401340145809,0.0609285780053331,0.0795624725955156,"Normal"
"MUD2","MUD2",578.024650590839,0.217955841972398,0.116469710050673,1.87135214707388,0.0612962870052491,0.0800211334117425,"Normal"
"YPR109W","YPR109W",315.331253535743,-0.272143661029354,0.145597672471512,-1.86914843080752,0.0616021665890028,0.0803988523921473,"Normal"
"FIM1_273","FIM1_273",457.031080459971,-0.229574747366715,0.122898688407716,-1.86799997901606,0.0617620738535594,0.0805574357743596,"Normal"
"MCX1","MCX1",1026.56522050869,0.190555549334776,0.102014908228705,1.86791864682733,0.0617734113388071,0.0805574357743596,"Normal"
"SUA7","SUA7",4829.83481111938,-0.139551132786825,0.0747015595182464,-1.86811538723952,0.0617459892179398,0.0805574357743596,"Normal"
"MNN4","MNN4",2372.47720005821,0.173243592643848,0.0928105144295291,1.86663756481375,0.0619522180466793,0.0807689368094486,"Normal"
"SEC5","SEC5",2009.37671380336,0.164093169368791,0.0879249067448388,1.86628767028431,0.0620011288878765,0.0808110207259099,"Normal"
"TMN3","TMN3",4196.92283160303,0.191511217696242,0.102787846717689,1.86316985725204,0.0624383723026878,0.0813590911822901,"Normal"
"DUS4","DUS4",362.605367609472,0.242202850135054,0.130180283968088,1.86051868034354,0.0628121780483557,0.0818242287230457,"Normal"
"KTR5","KTR5",399.806259029167,0.285966512274521,0.154156427037278,1.85504112783678,0.0635903537087007,0.0828157407318619,"Normal"
"HCM1","HCM1",887.076429015794,0.201401094063899,0.108617592613342,1.85422167089312,0.0637074529461815,0.0829460112179785,"Normal"
"TPP1","TPP1",784.435794823286,0.186742376162249,0.100851617556506,1.85165474473049,0.0640754164396933,0.08340274537382,"Normal"
"SHB17","SHB17",1129.85845876424,0.177976352326839,0.0961867336391317,1.85032119912254,0.0642672689949697,0.0836300642867054,"Normal"
"BIR1","BIR1",604.488134693601,-0.188459764018922,0.101879854013232,-1.84982365595504,0.0643389701603087,0.0837009520773601,"Normal"
"PTR2","PTR2",113.013880404197,-1.0006903635987,0.541366856769242,-1.84845147257555,0.0645370583688647,0.0839361795006192,"Normal"
"TAF1","TAF1",3183.52007776148,0.139182421642304,0.0753083748024283,1.84816658183701,0.064578248193818,0.0839672753475412,"Normal"
"MAK10","MAK10",1716.9271275738,0.185962132468153,0.10064050687319,1.84778612753283,0.0646332885372968,0.0840163587487226,"Normal"
"SAM4","SAM4",2482.85836627413,0.17124343891212,0.0926933266842032,1.84741928073775,0.0646863969365377,0.084062905245958,"Normal"
"FIM1_2424","FIM1_2424",2969.22415423297,0.156817740967174,0.0848934563677975,1.84723001838643,0.064713810519668,0.0840760442018895,"Normal"
"FIM1_7","FIM1_7",84.5371911447337,-0.401548928812723,0.217606938323048,-1.84529469467837,0.0649946818207487,0.0844183798361448,"Normal"
"UBX3","UBX3",2852.50484856822,0.158748365420491,0.0862907923869514,1.8396906672107,0.0658136645125074,0.0854592720112971,"Normal"
"NCE102","NCE102",22328.5755294994,0.190704042762152,0.1037455831582,1.83818951088598,0.0660344848721521,0.0857230996510251,"Normal"
"SPR28","SPR28",134.629912060755,-0.370565677928671,0.202037793822744,-1.83414038986084,0.0666331572563855,0.0864771664286264,"Normal"
"MAC1","MAC1",1321.53336693212,0.205187805605988,0.111957331653144,1.83273218981032,0.0668424077641564,0.0867255699134942,"Normal"
"FIM1_2810","FIM1_2810",236.700182701254,-0.321524361995846,0.175521692708163,-1.83182122411752,0.0669780600650761,0.0868783752953029,"Normal"
"SDA1","SDA1",1651.18047380242,0.172434369559117,0.0941731091581722,1.83103617476936,0.0670951438450779,0.0870070200008629,"Normal"
"YBR255C-A","YBR255C-A",7591.39662556798,0.153183511093412,0.0836862255510507,1.83045071138937,0.0671825706160677,0.0870971479785147,"Normal"
"SDD2","SDD2",779.518231687653,0.208677571790435,0.11402716507966,1.83006892826504,0.0672396324717929,0.0871478725474638,"Normal"
"YIR035C","YIR035C",5403.19029156321,-0.18047518495399,0.0986906390246586,-1.82869608240045,0.0674451496851919,0.0873909286187593,"Normal"
"SWD3","SWD3",295.865186779236,-0.258235479090375,0.141475892089906,-1.82529670091262,0.0679562677674189,0.0880297267613672,"Normal"
"RDS3","RDS3",331.514236828025,-0.231954520040822,0.127138864172315,-1.82441869015321,0.0680887985269302,0.0881778976658725,"Normal"
"CAM1","CAM1",11167.0748669029,0.171105924423697,0.0938203675670114,1.82376096854965,0.0681882170637535,0.0882831192946385,"Normal"
"AVL9","AVL9",1598.49622259582,-0.160581163224124,0.0880809209619949,-1.82310949375077,0.0682868089907061,0.088363676401023,"Normal"
"MDM10","MDM10",365.835325795805,0.241274701152745,0.132340849305906,1.82313097141337,0.0682835567688778,0.088363676401023,"Normal"
"NSA1","NSA1",552.516846913134,-0.201827700334058,0.110728785819678,-1.82272115457614,0.0683456346205478,0.0884162509641218,"Normal"
"YLR281C","YLR281C",1096.92677367177,-0.171396915821162,0.0941068357631156,-1.82130144352744,0.0685610471428837,0.0886713143644588,"Normal"
"FIM1_2625","FIM1_2625",1062.44021026466,-0.184420558391349,0.101332500524955,-1.81995467827157,0.0687659070659823,0.0889125977737116,"Normal"
"NCS6","NCS6",701.848311607618,-0.18880139655198,0.103804270796522,-1.81882108610031,0.0689387303202113,0.0891123412146599,"Normal"
"AIM25","AIM25",2924.40573056608,-0.14241414303734,0.0784150050996949,-1.8161593288973,0.0693459349302255,0.089614866443076,"Normal"
"BUB1","BUB1",351.792628086643,0.226281158721616,0.124619885571518,1.81577087544152,0.0694055266952235,0.0896680282403858,"Normal"
"FIM1_828","FIM1_828",10216.9699278123,0.166710796890994,0.0919117967404642,1.81381283799449,0.0697065453443837,0.0900329887901012,"Normal"
"FCF2","FCF2",931.497165220034,-0.187609483016578,0.103504269589167,-1.8125772372603,0.0698970512559412,0.0902550550232842,"Normal"
"PSF3","PSF3",337.427432132816,-0.2390771862521,0.132025053596503,-1.81084710620737,0.0701645221820984,0.0905763584704612,"Normal"
"FIM1_3835","FIM1_3835",1180.48334201678,0.183575099006901,0.101389476695365,1.81059321923982,0.0702038426052897,0.0906030468045426,"Normal"
"SLM5","SLM5",3776.69408664072,0.142358147321593,0.0786951455349705,1.80898257896139,0.0704537098712778,0.0909013744727931,"Normal"
"PCH2","PCH2",222.186903884203,0.290543990708047,0.161045690275935,1.80410907122215,0.0712142099461902,0.0918496579693541,"Normal"
"EOS1","EOS1",3673.75287743424,0.17240067859599,0.0955641583458201,1.80403073265313,0.0712264892423392,0.0918496579693541,"Normal"
"TEL2","TEL2",445.277787749496,-0.241928899197795,0.134142519755649,-1.80352135652802,0.0713063745023266,0.0919038922299218,"Normal"
"RAG8","RAG8",3926.18742357119,0.167667704080328,0.0929613248157188,1.80362859944932,0.0712895495363794,0.0919038922299218,"Normal"
"MIC19","MIC19",3857.67486259741,0.140845727730845,0.0782920866030194,1.79897782575402,0.0720221884084124,0.0928018598452601,"Normal"
"MHF1","MHF1",284.255242086673,-0.244214821609582,0.135777398341332,-1.79864119207564,0.0720754569618145,0.0928458762930691,"Normal"
"ERG29","ERG29",837.742844202349,-0.182722946326375,0.1016938879382,-1.79679378998094,0.0723683626090204,0.0931984823528306,"Normal"
"WAR1","WAR1",1494.0579667297,0.15707167478116,0.0874807197064414,1.79550048637282,0.0725739953345523,0.0934385382433994,"Normal"
"SRB5","SRB5",264.12707313072,0.257479777353621,0.143528467983924,1.79392827757668,0.072824617329012,0.0937115507419675,"Normal"
"ECM21","ECM21",10163.0732313958,0.153087519192549,0.0853331098318541,1.79399906430462,0.0728133181807694,0.0937115507419675,"Normal"
"PRO3","PRO3",4675.01833399466,0.163591274365237,0.0912721905543819,1.79234521897188,0.0730776840720023,0.0940123025962031,"Normal"
"YBT1","YBT1",9194.32727202615,0.147377820761924,0.0822443863306969,1.79194991095602,0.0731409899043103,0.0940688379949825,"Normal"
"MSY1","MSY1",4815.82681405912,-0.144978502808099,0.0809344949450699,-1.7913066969343,0.0732440920511061,0.0941765131718244,"Normal"
"DFG5","DFG5",1415.15676498745,0.168030175259621,0.0939366477301184,1.7887606096225,0.0736533771903235,0.0946777142242809,"Normal"
"VPS55","VPS55",1340.47748979667,-0.160408316727493,0.0896944234472647,-1.78838673088527,0.0737136356086598,0.094705064892247,"Normal"
"GIR2","GIR2",1925.87592396374,-0.145418185283802,0.081309402594212,-1.78845472533522,0.0737026738757538,0.094705064892247,"Normal"
"EME1","EME1",401.905795650031,0.253998297868182,0.142132278455668,1.78705569648211,0.0739284870687803,0.0949559922461547,"Normal"
"THI4","THI4",468.182798897046,-0.207854289370306,0.116334633593171,-1.78669311924069,0.0739871018038097,0.0950061648162557,"Normal"
"CLD1","CLD1",3964.68751291181,0.137153437807936,0.0769106820013092,1.78328203884086,0.0745404036748311,0.0956913663027753,"Normal"
"SHE3","SHE3",883.239831131928,0.194227018754446,0.108941306396588,1.78285927697053,0.0746092135482928,0.0957544027023653,"Normal"
"FIM1_959","FIM1_959",489.788585733187,0.229537847255781,0.128824924810372,1.78178134078989,0.0747848962363542,0.0959545315057949,"Normal"
"PGM2","PGM2",40195.7671359933,-0.249408046365866,0.14002069575463,-1.78122273298032,0.0748760713110491,0.0960461537751815,"Normal"
"MPC3","MPC3",2181.71202121863,0.173953490025578,0.0976893502025772,1.78068018330404,0.0749647122908148,0.0961344779680837,"Normal"
"COX11","COX11",2601.81055753104,-0.148913990627144,0.0836708845383667,-1.77975877091225,0.0751154476531627,0.0963023641548068,"Normal"
"OCA6","OCA6",699.782944090204,-0.182004887781739,0.1022998998153,-1.77913065516529,0.0752183439237919,0.0964088454565299,"Normal"
"ARB1","ARB1",6045.11790289867,-0.147882538405278,0.083133731102068,-1.77885121291759,0.0752641583913496,0.0964421270104345,"Normal"
"YJR112W-A","YJR112W-A",133.625382316014,0.335661019522446,0.189000908210339,1.7759756961003,0.0757369230889915,0.0970223330581096,"Normal"
"ETR1","ETR1",29749.022183696,-0.153966358049041,0.0867049968970713,-1.77574953646347,0.0757742086349437,0.097044512323983,"Normal"
"RPB9","RPB9",644.53229090027,0.220448918027742,0.124576463300319,1.7695872252875,0.0767959284911425,0.0983271189824668,"Normal"
"TMS1","TMS1",2003.55347761733,-0.161664006597595,0.0913941634679116,-1.76886576191876,0.0769162790859663,0.0984552687246339,"Normal"
"FIM1_3024","FIM1_3024",43.7354162088827,-0.530040738267039,0.300455105658347,-1.76412624809831,0.0777107261884312,0.0994459885566466,"Normal"
"RSM7","RSM7",4906.97794820995,-0.146633621690228,0.0832648982101764,-1.76104967209708,0.0782299961418221,0.100084136717513,"Normal"
"CDC31","CDC31",496.799769694841,0.192686318431446,0.10952750975469,1.7592504281619,0.0785349823786737,0.100447875593044,"Normal"
"RDL1","RDL1",8205.16657395164,0.129359971469197,0.0736775453381112,1.75575843190154,0.0791296648752415,0.10118185306021,"Normal"
"MED1","MED1",452.996612465743,0.245331764362071,0.139779320672777,1.75513633333784,0.0792359908349279,0.101291154818973,"Normal"
"ITC1","ITC1",1079.43881299255,0.175204777532189,0.0998970538185184,1.75385330032336,0.0794556473113763,0.101545236792735,"Normal"
"TFA2","TFA2",3258.90102642864,0.144763569778488,0.0825529173479953,1.75358514791487,0.0795016177523464,0.101577270749054,"Normal"
"PTK2","PTK2",15609.9840871213,0.151163459602053,0.0864837329114105,1.74788315112273,0.0804842629538729,0.102805739666895,"Normal"
"SRO77","SRO77",2890.08142810218,0.152768973594228,0.087665570299796,1.74263365962023,0.081397626545773,0.103945089983157,"Normal"
"UBC13","UBC13",5448.44891369899,-0.141250038279855,0.0811441621679163,-1.74072951776319,0.0817310016495129,0.104343388600889,"Normal"
"GPN3","GPN3",512.954933427967,0.184579911448326,0.106074532936193,1.74009638637161,0.0818420946874256,0.104457772021592,"Normal"
"PEX12","PEX12",370.79721382036,0.223558251740852,0.128800885473552,1.73568877976974,0.0826188784920935,0.105421515386839,"Normal"
"NSE3","NSE3",981.425018159376,0.1654426610501,0.0953987033423085,1.73422337258045,0.082878457459373,0.105724973692595,"Normal"
"LSM12","LSM12",1051.48232634319,-0.167536898740083,0.0967449561012091,-1.73173781344028,0.0833202547747759,0.106260660879432,"Normal"
"RPN14","RPN14",522.12741119543,-0.203600409270891,0.117630078012269,-1.73085330479552,0.0834779318073093,0.106433815442591,"Normal"
"MCM4","MCM4",691.502080652143,0.227127531841605,0.131315535222813,1.72963184787101,0.0836960721676702,0.106683949281928,"Normal"
"MNT4","MNT4",693.050563860657,0.187926404782983,0.108686555110625,1.72906763483031,0.0837969908756962,0.106756575423442,"Normal"
"HRT3","HRT3",225.446446600585,0.298223676189838,0.172470758863004,1.72912601623514,0.0837865438411743,0.106756575423442,"Normal"
"SFB3","SFB3",567.738973345949,0.195939903247928,0.113480916920841,1.72663306364195,0.0842335839755348,0.107284661739744,"Normal"
"RTT106","RTT106",357.266867473394,-0.22307508162558,0.129294977099885,-1.72531900797079,0.0844699982620828,0.107557579023968,"Normal"
"EFG1","EFG1",107.884184721036,-0.360979074859272,0.209363363402769,-1.72417498932145,0.0846762577701869,0.107791966598202,"Normal"
"FUB1","FUB1",6497.60778160177,0.172694236007996,0.100339432926921,1.72110037868932,0.0852326105981535,0.108471779700479,"Normal"
"PRM9","PRM9",4548.99062346458,-0.155392966012667,0.0903929056860084,-1.71908364747611,0.0855991419204453,0.108909722595298,"Normal"
"RPB10","RPB10",852.512291152453,-0.174892926850552,0.101755781252004,-1.71875174755349,0.0856595850621425,0.108958095240039,"Normal"
"UBP12","UBP12",1540.99659335572,0.173388926498279,0.101065704416564,1.71560597632229,0.0862341839393702,0.109660272117613,"Normal"
"IKI3","IKI3",4832.37001448072,-0.142322920555925,0.0829733373305309,-1.71528499557599,0.0862929881339663,0.109706339440854,"Normal"
"YDR132C","YDR132C",1097.26242729595,0.164679643369668,0.0960520156150534,1.71448399406476,0.0864398741841987,0.109864333942198,"Normal"
"KAP120","KAP120",2376.30902948412,0.170294142144958,0.0993717988653594,1.71370694794096,0.0865825602344965,0.110016909042735,"Normal"
"FIM1_207","FIM1_207",608.725852949264,0.202401384053035,0.11815543582588,1.71300950005638,0.0867107918696568,0.110151042534552,"Normal"
"STE7","STE7",5982.01907843479,-0.137943202487576,0.0805734988639624,-1.71201703329868,0.086893529498316,0.110354328236361,"Normal"
"YMD8","YMD8",448.681983734768,0.227033143121533,0.132718158384538,1.71064115027672,0.0871473776273624,0.110647794066202,"Normal"
"FIM1_4270","FIM1_4270",7882.53079683805,0.144364812004018,0.0844105705385263,1.71026935469092,0.0872160759151422,0.110706090091869,"Normal"
"HCR1","HCR1",2428.15829268358,0.241367622631876,0.141142991852354,1.71009286018511,0.0872487028668747,0.110718581151774,"Normal"
"MDM38","MDM38",5737.06283546918,0.145089506057023,0.084881543268431,1.70931748493532,0.0873921562193417,0.110871667642241,"Normal"
"mug70","mug70",668.774699086787,0.192675885469332,0.113099633464401,1.70359425196526,0.0884569160809144,0.112193201575871,"Normal"
"POL12","POL12",471.789015336128,-0.200942478906424,0.118165824713267,-1.70051264309302,0.0890345403070948,0.112896354736997,"Normal"
"ERV46","ERV46",584.105999933053,0.184452228430617,0.108649180944536,1.69768632241027,0.0895669806088461,0.113541862451965,"Normal"
"PRM8","PRM8",3331.32507421094,-0.162054107873221,0.0954724844096442,-1.69739070765033,0.089622818197208,0.113583013463806,"Normal"
"ZRT2","ZRT2",3937.86244173129,0.191591681679271,0.113004548820825,1.69543335802393,0.0899932423323236,0.114022728681293,"Normal"
"FIM1_2588","FIM1_2588",5084.04407279372,-0.17648838572903,0.104200588367737,-1.69373694039212,0.0903152816005209,0.114400926302641,"Normal"
"VPS9","VPS9",1537.88688476251,0.137221906463288,0.0811516181836257,1.69093247349412,0.0908497003056632,0.11504787432505,"Normal"
"RIB1","RIB1",6120.19269369339,-0.163603269389021,0.0967719565425873,-1.69060619661051,0.090912040384597,0.115096822362886,"Normal"
"RRD1","RRD1",2570.05958597267,0.142528439065617,0.084406051866611,1.68860450066848,0.0912952476137591,0.115551864588501,"Normal"
"RTM1","RTM1",4844.35298428284,0.429778845647655,0.254641425814431,1.68778054973999,0.0914533626228621,0.11572184608971,"Normal"
"SHQ1","SHQ1",325.677369065795,-0.238626319303318,0.141828766275696,-1.68249591087509,0.0924727171855908,0.116981237387343,"Normal"
"PEX15","PEX15",307.945741121046,-0.216861744298903,0.128950534758447,-1.68174366011846,0.0926185578849058,0.117135234972087,"Normal"
"ATG17","ATG17",888.054257300866,0.178573246681111,0.106192068344183,1.68160625803361,0.0926452163001047,0.117138461098675,"Normal"
"Fbxl7","Fbxl7",2770.01547817717,-0.152968343946194,0.0910372461755581,-1.68028307503071,0.0929022524595671,0.117432894042934,"Normal"
"RTS1","RTS1",10328.8273802471,-0.12430054544575,0.0739899885578369,-1.67996438259462,0.0929642458188206,0.117480694521105,"Normal"
"SGO1","SGO1",84.1978061060333,-0.360429994035613,0.214594102793024,-1.6795894637573,0.0930372190713983,0.117542342035342,"Normal"
"RAX1","RAX1",902.982773080803,-0.166448972148313,0.099120838474417,-1.67925306837748,0.0931027333396804,0.117594536339357,"Normal"
"GFD1","GFD1",2837.32528868728,-0.142537614626239,0.0850026687783137,-1.67686046420467,0.0935697708091315,0.118153720468184,"Normal"
"CIN8","CIN8",379.012431770613,0.253310341358398,0.151300348396358,1.67422179818652,0.0940870169743538,0.118775997786018,"Normal"
"PRP18","PRP18",536.14066272305,0.174707211019963,0.104626188455245,1.66982295350171,0.0949543976010375,0.119839848816478,"Normal"
"FHL1","FHL1",1054.15620394448,-0.169432396661165,0.10155790671985,-1.66833289631056,0.0952496610586338,0.120181278391042,"Normal"
"VAN1","VAN1",1857.43416818316,0.133725127063225,0.0802343175946508,1.66668242557772,0.0955775692840402,0.120563709540797,"Normal"
"FIM1_3022","FIM1_3022",497.048729243839,0.301230722792217,0.180935707235075,1.66484950591235,0.0959427842724384,0.120992989561323,"Normal"
"SPO7","SPO7",848.555989644795,-0.165318670191026,0.0993901225824353,-1.66333098194852,0.0962462002456757,0.121344132587893,"Normal"
"YMR144W","YMR144W",815.862311123352,0.172904803047751,0.104043380356476,1.66185299300485,0.0965422538016771,0.121685813546653,"Normal"
"FIM1_2589","FIM1_2589",49.5203950010069,0.472831166525309,0.284632866499091,1.66119665778941,0.0966739566141715,0.121820216594466,"Normal"
"TGL3","TGL3",3635.69802025229,-0.127532524749348,0.0768143453719044,-1.66026962974021,0.096860222518513,0.121991659206183,"Normal"
"BIL1","BIL1",3.51993928823074,1.75570747136864,1.05747812309719,1.66027781853911,0.0968585759038516,0.121991659206183,"Normal"
"SRP101","SRP101",1492.46983949458,-0.137749864162134,0.0831014843659855,-1.65761015237071,0.0973961791720135,0.122603117771195,"Normal"
"FAA2","FAA2",1787.40046931905,0.143894945960283,0.0868030774609506,1.65771710138982,0.097374580397832,0.122603117771195,"Normal"
"REI1","REI1",1232.53533888904,-0.167132200388707,0.100953742953304,-1.65553247952396,0.0978165336797696,0.123100372222222,"Normal"
"RAD5","RAD5",213.014349562756,0.262827572746843,0.158962797871934,1.65339045528493,0.0982514241352656,0.123615657657498,"Normal"
"YIP5","YIP5",1623.31715498922,-0.136941831532945,0.0828894336580462,-1.65210239097407,0.0985136796390089,0.123905796100637,"Normal"
"AVT7","AVT7",3076.02887468382,0.137755518801813,0.0833867415140735,1.65200745706754,0.0985330306920889,0.123905796100637,"Normal"
"MTC6","MTC6",568.019839786205,-0.202033150895759,0.122368873466635,-1.65101749466416,0.0987350026680585,0.124127652772082,"Normal"
"CLN2","CLN2",1801.82028814185,-0.161395307338954,0.0979075364853831,-1.6484462088682,0.0992611403297551,0.124756823813316,"Normal"
"FIM1_3548","FIM1_3548",52.598988889735,-0.446147827774647,0.270797314092804,-1.64753416875379,0.0994482990166108,0.124959732330414,"Normal"
"AOS1","AOS1",419.856023440789,0.199268136541548,0.121122774996527,1.64517479513875,0.0999337697232408,0.125537276909314,"Normal"
"MEC3","MEC3",326.215828642574,0.21989286063003,0.133958075969634,1.64150506819668,0.100692615885168,0.126457849725002,"Normal"
"FCJ1","FCJ1",12449.4036400575,-0.119923907243812,0.0730634294394279,-1.64136707192527,0.100721240847007,0.126461113507908,"Normal"
"TIM12","TIM12",1781.36119024979,0.154563744932076,0.0942000970796491,1.64080239536683,0.100838440887499,0.126575557807377,"Normal"
"NOP2","NOP2",1095.57976722455,0.157064701848872,0.0957509725201923,1.64034576062138,0.100933296022836,0.126661902214607,"Normal"
"FIM1_2182","FIM1_2182",14133.3645361924,0.157778223848216,0.0964498747836249,1.6358572180853,0.101869473566227,0.12780371083354,"Normal"
"FIM1_4483","FIM1_4483",54.6636378743188,-0.440711204242738,0.270604359513416,-1.62861827146909,0.103393853846816,0.129682688652989,"Normal"
"JLP2","JLP2",23.8238372653834,0.638544339734244,0.392712128221516,1.6259857891989,0.1039526784658,0.130349952171696,"Normal"
"tRNA-Asp","tRNA-Asp",6.27586026888197,1.27948358872473,0.786965109684261,1.62584538117334,0.103982551629903,0.13035377150921,"Normal"
"FIM1_1452","FIM1_1452",11.3383058379776,-0.936321521498619,0.577582831953623,-1.62110344992699,0.104995454238949,0.13158960849808,"Normal"
"MYO1","MYO1",4693.34111231053,0.122787520557744,0.0758780865935504,1.61822109742262,0.105614957738717,0.132331892638583,"Normal"
"RNA15","RNA15",592.979080458333,0.204057754558831,0.126282528542839,1.61588271088196,0.106119674318162,0.132930007092537,"Normal"
"AAH1","AAH1",605.914265976313,-0.22402592824459,0.138847812141962,-1.61346386945975,0.106643766755302,0.133552078006189,"Normal"
"RTC1","RTC1",4317.88584859626,0.132822752913116,0.0824152716787824,1.61162792049996,0.107042931214942,0.134017418905799,"Normal"
"YMR102C","YMR102C",4230.7692336856,0.127750558367413,0.0793909239799948,1.60913303389193,0.107587255389993,0.134664212761457,"Normal"
"FIM1_1123","FIM1_1123",359.423416416612,-0.20768361026245,0.129133537843135,-1.60828560675487,0.107772641497505,0.134861515590105,"Normal"
"RDS2","RDS2",2196.03346835809,0.141680510543051,0.0882131977669225,1.60611466458114,0.108248718377572,0.135422379659274,"Normal"
"SFC1","SFC1",11698.0571149448,0.200761341695174,0.125033448010401,1.60566108421224,0.108348396199222,0.135512189737971,"Normal"
"MBF1","MBF1",8461.48253778373,-0.13551121432029,0.0845272815294143,-1.60316541438913,0.108898139012661,0.136164708559578,"Normal"
"AGE2","AGE2",4445.81607099566,-0.117137570136876,0.0731563258660269,-1.60119536827742,0.109333654399016,0.136674100006385,"Normal"
"AST1","AST1",7810.24118738811,0.129081998251423,0.0807456714382511,1.59862437146413,0.109904091122409,0.137351846389862,"Normal"
"SHU1","SHU1",57.0153943964055,-0.429295187680313,0.268588676372488,-1.59833688254583,0.109968023300856,0.137396406587519,"Normal"
"YLR194C","YLR194C",799.957241108743,-0.165072347614961,0.103405902746194,-1.59635323739811,0.110409950294759,0.137913097296204,"Normal"
"ro-4","ro-4",360.55249264883,0.189289944216345,0.118602329120753,1.59600528606502,0.110487613155468,0.137939186105452,"Normal"
"ADE5","ADE5",10091.5009643052,-0.122884138012008,0.0769893083084008,-1.59611952246361,0.110462110794822,0.137939186105452,"Normal"
"ERC1","ERC1",1003.53371987864,0.156520925337808,0.0980811287768438,1.59583119902635,0.110526485634768,0.137952271692612,"Normal"
"PPZ1","PPZ1",3553.94933339225,-0.147824613627105,0.0927751324516581,-1.59336461959924,0.111078417946321,0.138605555418894,"Normal"
"GLR1","GLR1",5979.84851983716,0.131806189868254,0.0827730258132221,1.59238095470468,0.111299132915316,0.138845311125936,"Normal"
"YOR343W-B","YOR343W-B",11519.5998161948,-0.138922444412957,0.0874046538311004,-1.58941701984666,0.111966274585432,0.139641716686503,"Normal"
"IOC2","IOC2",2473.6556172928,0.138655145417992,0.0872973126217594,1.58830943649726,0.112216384706337,0.139917734998227,"Normal"
"RSC6","RSC6",1307.44768846521,0.145704896339723,0.0917479001915768,1.58810061086389,0.112263590218323,0.139940683650804,"Normal"
"FIM1_4488","FIM1_4488",34.6938992685552,0.523528053418728,0.329879379290475,1.58702873318352,0.112506137133716,0.140207058305392,"Normal"
"URA2","URA2",71640.7328850448,-0.223078864333815,0.140862887743909,-1.58365959910872,0.113271203313615,0.14112430176945,"Normal"
"RAD51","RAD51",1940.14979899645,-0.143925814941044,0.0910495645676736,-1.5807413865672,0.113937181252728,0.141917652834403,"Normal"
"FET5","FET5",7209.7744966828,-0.135528238116982,0.0857477671402334,-1.5805453907078,0.113982020572242,0.141937118903261,"Normal"
"tRNA-Asn","tRNA-Asn",212.814090150748,0.254789196493682,0.161304063479104,1.57955845003675,0.114208020933963,0.142182109587017,"Normal"
"COS111","COS111",13418.7652136088,0.140536238318217,0.0890376553513431,1.57839104998509,0.114475800058514,0.142478973484712,"Normal"
"SPP2","SPP2",401.454022731242,0.206442202589422,0.131000435004906,1.57588944328078,0.115051284298317,0.143158563484129,"Normal"
"FIM1_1405","FIM1_1405",2655.80599545026,-0.135000373101948,0.0858577138113848,-1.57237325697399,0.115864012631876,0.144132933276571,"Normal"
"FIM1_1376","FIM1_1376",489.683705504883,-0.191117014587968,0.121971526548489,-1.56689860327353,0.117138394206469,0.145680946365301,"Normal"
"YPL199C","YPL199C",510.702065601146,0.179068315177263,0.114327642334465,1.56627313850661,0.117284686704112,0.145810079016279,"Normal"
"26S_rRNA","26S_rRNA",363.491661595482,-0.588776891953522,0.375927467244582,-1.56619811866649,0.117302243028326,0.145810079016279,"Normal"
"FIM1_1195","FIM1_1195",356.149686408712,0.208315974125232,0.133285837368758,1.56292655122007,0.11806987171362,0.146726728045135,"Normal"
"TBF1","TBF1",524.684488328573,0.21395473621344,0.136915145045568,1.56268129535437,0.11812757606676,0.146760903121552,"Normal"
"TOA1","TOA1",2944.77592488111,0.124772741102283,0.0798646446070279,1.56230258979082,0.118216722215773,0.146834113815552,"Normal"
"SIC1","SIC1",1877.24170722789,-0.140767085889204,0.090279079255156,-1.55924370353128,0.118938710535255,0.147693124071251,"Normal"
"ORC6","ORC6",163.700397710553,-0.380718370372378,0.244278370832436,-1.55854310422568,0.119104558330873,0.147861279746989,"Normal"
"DBP4","DBP4",484.235637778464,-0.200279444520758,0.128565510568722,-1.55780071680813,0.119280496049641,0.148041872364037,"Normal"
"FIM1_3744","FIM1_3744",3253.51311337818,0.124740131784318,0.0802057035042014,1.55525263584009,0.119885912869036,0.148755273399041,"Normal"
"PIN4","PIN4",8415.71131104791,0.130938545671401,0.0842543273398104,1.55408689150536,0.120163691572633,0.149061878312847,"Normal"
"ROX3","ROX3",3940.0702328147,0.142279757670631,0.0915927572183133,1.5533952901047,0.12032872742972,0.149228506018634,"Normal"
"GRX3","GRX3",2901.24411909782,0.209486939597977,0.135044493800374,1.55124384343759,0.120843258871023,0.14982837327234,"Normal"
"RME1","RME1",2462.18847617368,0.119573722195982,0.0773183364921882,1.54651183174463,0.121981004847929,0.151200434325533,"Normal"
"XYL1","XYL1",113039.871451546,0.182321822461712,0.117903257806714,1.5463679787424,0.122015722991461,0.151204896203904,"Normal"
"MUM3","MUM3",171.801360426143,-0.25804661584247,0.167020030123152,-1.54500400731697,0.122345294070846,0.151574651680327,"Normal"
"YNG2","YNG2",1835.83859408788,0.153821778588635,0.0996969595127225,1.54289337749569,0.122856647911092,0.152169373489676,"Normal"
"RPL16A","RPL16A",35.0828216891992,-0.520663389671724,0.337892305197039,-1.54091520186618,0.123337425491509,0.152725930291346,"Normal"
"MUB1","MUB1",3616.29439056577,0.196224606761625,0.127666265504684,1.53701219336149,0.124290323456567,0.153866670490563,"Normal"
"SSD1","SSD1",16057.0617847442,-0.113896944259847,0.0741383308440311,-1.53627607963631,0.124470683609535,0.154050700880981,"Normal"
"YBR197C","YBR197C",261.891534347416,0.222119116946788,0.144698061500221,1.53505247163556,0.124770939626109,0.154382988450029,"Normal"
"NOP8","NOP8",363.499871397188,0.194796171149351,0.127041618349734,1.53332564304318,0.125195639442624,0.154869045838012,"Normal"
"SNZ3","SNZ3",41425.7659138468,-0.113342706363386,0.0739512666986785,-1.53266754476582,0.125357789740714,0.155030160435258,"Normal"
"FIM1_4872","FIM1_4872",403.030652851308,-0.195408934930872,0.12752487810431,-1.5323201075404,0.125443461564389,0.155096636066506,"Normal"
"FIM1_2032","FIM1_2032",76.2105066623884,-0.381358329033891,0.24897545153792,-1.53171056294202,0.125593874631905,0.15524310273122,"Normal"
"RRT8","RRT8",180.927326606795,0.29936044222302,0.195575727035619,1.53066255593415,0.125852812494653,0.155523605267425,"Normal"
"VPS45","VPS45",1924.87289295412,-0.156088361766664,0.102034173310876,-1.52976553542602,0.126074775317755,0.155758284584026,"Normal"
"URM1","URM1",548.26672819483,-0.228490202373906,0.149703763840864,-1.52628228250021,0.126939579129489,0.156786836550632,"Normal"
"TAE2","TAE2",1064.01178859837,-0.143962317434362,0.0944260560769835,-1.5246037313789,0.127357966150578,0.15726362325938,"Normal"
"CDC6","CDC6",324.255873628315,0.207108863874502,0.136003342620457,1.52282186513958,0.127803278087981,0.157744106597352,"Normal"
"GCD2","GCD2",2097.63940503525,0.131699648936106,0.08648593045457,1.52278698100249,0.127812008165008,0.157744106597352,"Normal"
"FIM1_2325","FIM1_2325",156.510920536358,-0.29114567736111,0.191385903666368,-1.52124932810437,0.128197280938629,0.158179428156627,"Normal"
"LPL1","LPL1",2705.58860607884,0.129059893556856,0.0848753142781405,1.52058221703805,0.128364712189819,0.158345807700008,"Normal"
"LEO1","LEO1",1913.86583947387,0.125751619809203,0.0827473901880895,1.51970496620332,0.128585142895558,0.158577464296832,"Normal"
"TSR3","TSR3",1165.75072534338,0.141169853479722,0.0929737935409397,1.51838327880598,0.128917804493205,0.158947376816159,"Normal"
"SSF1","SSF1",314.648516517829,-0.231103912355999,0.152243214832085,-1.51799154143515,0.129016531031875,0.159028747915749,"Normal"
"NUC1","NUC1",2220.8631197256,0.154155350287559,0.101953005509924,1.51202359868197,0.13052785923876,0.160850841501683,"Normal"
"QCR2","QCR2",26836.5619225948,0.132914303353767,0.0881830457253188,1.50725462315944,0.131745403882233,0.16227419906915,"Normal"
"FIM1_2999","FIM1_2999",1586.17918693812,0.139662052640039,0.0926609203179285,1.50723791821671,0.131749684158838,0.16227419906915,"Normal"
"MRI1","MRI1",172.621594708302,-0.271082628020532,0.180034793916589,-1.50572354445067,0.132138157267275,0.162711430856991,"Normal"
"FSF1","FSF1",244.387456656285,-0.216832566342036,0.144096314432856,-1.504775241445,0.132381871144944,0.162970233568098,"Normal"
"SFM1","SFM1",961.686012247423,0.14371818910802,0.0957300579379391,1.50128593049835,0.133281622429044,0.16403632304527,"Normal"
"FIM1_3","FIM1_3",1120.26751743917,-0.202252506770235,0.134787644383732,-1.50052705272031,0.13347793129455,0.164236330250752,"Normal"
"BFR2","BFR2",554.178448678834,-0.199061480193593,0.132778758050837,-1.49919673233709,0.133822602513128,0.164618740661085,"Normal"
"YKL069W","YKL069W",215.267093147587,-0.239870689293919,0.160112768264682,-1.49813591941269,0.134097940429634,0.164915690343607,"Normal"
"RPO31","RPO31",2559.0774436775,-0.127933558770736,0.0855607923394638,-1.49523578817687,0.134852916518325,0.165802206822506,"Normal"
"MRPL32","MRPL32",3902.51403761838,0.13112906352246,0.0877077888283006,1.49506748801024,0.134896829875156,0.16581424142762,"Normal"
"RPL18B","RPL18B",244.160002223209,-0.244360180124695,0.163609274875118,-1.49355945933514,0.1352908023118,0.166256451298188,"Normal"
"LAA1","LAA1",857.28080653287,-0.223643486038595,0.150089117358993,-1.49007129879823,0.136205489847122,0.16733817324075,"Normal"
"FIM1_3918","FIM1_3918",414.992413927225,0.173506922670641,0.116616066720196,1.48784749435039,0.136791117146397,0.168015176495032,"Normal"
"MCH1","MCH1",1600.58089419965,0.135207317218034,0.0912415137993895,1.48186183665597,0.138377061411054,0.169920177254564,"Normal"
"GTR1","GTR1",1205.78658468899,-0.147156368455142,0.0994960840512654,-1.47901668551417,0.139135855400561,0.170808772458648,"Normal"
"TDA1","TDA1",10682.6592206129,-0.161926025392303,0.109544435123736,-1.47817664319871,0.139360503887529,0.171041345892777,"Normal"
"PMC1","PMC1",18915.3921256654,0.118553740192439,0.0805258149548965,1.47224514596769,0.140954690180967,0.172954252421546,"Normal"
"ELP6","ELP6",517.845047415371,-0.193968486329351,0.131800595185791,-1.47168141430564,0.141106928788367,0.17309734081865,"Normal"
"PEP5","PEP5",358.93015361988,0.234519805932081,0.159438324771957,1.47091238111986,0.141314813887382,0.17330860188763,"Normal"
"PGA1","PGA1",173.940980616684,-0.233605799517666,0.158834248070238,-1.47075207240168,0.141358178180955,0.173318038804255,"Normal"
"FIM1_1474","FIM1_1474",6652.75954181249,0.109173886261772,0.0743371224765998,1.46863212651442,0.141932596134508,0.17397842699737,"Normal"
"SEC62","SEC62",909.485688322224,-0.144423474810562,0.0984761025422839,-1.46658398415543,0.142489259475224,0.174616724285023,"Normal"
"NTG2","NTG2",838.962825152793,0.141954522978817,0.0968517527258932,1.46568873544883,0.142733104367831,0.174871445820295,"Normal"
"RMD8","RMD8",1511.06209373279,0.143067157554997,0.0977636738438296,1.46339792614111,0.143358525827161,0.175593414921647,"Normal"
"BUD2","BUD2",418.806587185135,0.180743072729071,0.123697396533309,1.46117119514638,0.143968465882052,0.17629606242966,"Normal"
"YBR056W","YBR056W",8939.12227900856,0.178564561297556,0.122512164594411,1.45752515179787,0.144971473689359,0.177479564287376,"Normal"
"YHL008C","YHL008C",14703.792981184,0.168828385608269,0.115935621955224,1.45622529780772,0.145330348366191,0.177874096400836,"Normal"
"FIM1_1020","FIM1_1020",215.255811115328,-0.273663106504076,0.188112278366882,-1.4547859867517,0.145728518844609,0.178316512985634,"Normal"
"RSC8","RSC8",754.613548863413,0.189286271368694,0.130164622129766,1.45420674428715,0.145888995740047,0.178467933106971,"Normal"
"FIM1_2012","FIM1_2012",3856.16105325551,0.169124758688241,0.116321787598498,1.45393878636047,0.145963278197935,0.17851386075101,"Normal"
"OSH2","OSH2",9038.11788796539,0.139394840508945,0.0959183663191085,1.45326537407024,0.146150087238594,0.178697351256247,"Normal"
"LRG1","LRG1",859.225226532462,0.145843354966461,0.100380268609913,1.45290859434957,0.146249134420728,0.178773470226495,"Normal"
"TPC1","TPC1",412.094535347645,-0.192505221996751,0.1326455110283,-1.45127581404304,0.146703073242888,0.179283257768409,"Normal"
"SEN15","SEN15",266.697984195177,-0.19408186077892,0.133981111651849,-1.44857628352303,0.147455948357791,0.180158021893514,"Normal"
"NUP116","NUP116",3906.59095577495,-0.13875601483458,0.0959370536794147,-1.44632349559379,0.14808648867323,0.180837458774372,"Normal"
"RKI1","RKI1",18626.8120282891,0.112119942688548,0.0775197390398876,1.44634055889761,0.148081705038492,0.180837458774372,"Normal"
"DEP1","DEP1",1171.77892544508,0.152199790817656,0.105406798011464,1.44392765636522,0.148759326143101,0.181567838665996,"Normal"
"LAC9","LAC9",10310.5225441096,-0.401299411368164,0.277915645194607,-1.44396121019801,0.148749886936009,0.181567838665996,"Normal"
"SCC4","SCC4",611.428469954044,-0.154271729724711,0.10708235134987,-1.4406830610271,0.149674242516124,0.182638660066762,"Normal"
"ALG1","ALG1",3448.19960929918,0.121628844607798,0.0844648469716757,1.4399936656321,0.149869191195753,0.18283063018332,"Normal"
"TLG2","TLG2",1427.44089821468,-0.132284309153398,0.0919490812380947,-1.43866917833424,0.150244275935486,0.18324220300465,"Normal"
"NAT2","NAT2",4137.04318558985,-0.120628133542737,0.0839257027619916,-1.43732050579108,0.150626944876533,0.183662816851963,"Normal"
"SLU7","SLU7",1285.81639963062,0.127530950153034,0.0887721907832899,1.43660924696972,0.1508290546595,0.183863115050304,"Normal"
"LIP5","LIP5",4207.49281684538,-0.106877075768015,0.0745019427281844,-1.43455421233711,0.151414170217296,0.184530086051127,"Normal"
"rplM","rplM",2170.87054910963,0.136040423998745,0.0949397325179878,1.43291349565336,0.151882559996746,0.185054503265845,"Normal"
"FTR1","FTR1",44781.5262185026,-0.126231063745985,0.088163805131699,-1.43177876178803,0.15220714725807,0.185403491734009,"Normal"
"LOT5","LOT5",1602.5401092091,0.124093939291187,0.0867563489611487,1.4303730018279,0.152609992702708,0.185847607654752,"Normal"
"CDD1","CDD1",1308.54481320651,-0.135850817276656,0.0951456264613989,-1.42781988336345,0.153343708258658,0.186694331853876,"Normal"
"PET127","PET127",484.264211772918,0.178056049114823,0.124725018716515,1.42758887468699,0.153410227684502,0.186728531142033,"Normal"
"TIM13","TIM13",3081.39943281287,0.116876153907948,0.0819636902242467,1.42595036397438,0.153882670160717,0.187256672755052,"Normal"
"APE4","APE4",6468.33387693644,0.108126165156382,0.0758930468948327,1.42471767283524,0.154238828411594,0.187643081435136,"Normal"
"AFG3","AFG3",26473.3014820788,-0.118395548213843,0.0831539615358729,-1.42381127762346,0.154501110202053,0.187875390284598,"Normal"
"NUP170","NUP170",2457.96054677469,0.137238938017522,0.0963898363809328,1.42379054857147,0.154507112487601,0.187875390284598,"Normal"
"CKS1","CKS1",934.932928134489,0.146891807219478,0.103221287974591,1.42307667441271,0.154713929363564,0.188079805548551,"Normal"
"MRX11","MRX11",433.394735978564,0.173584888429574,0.12199100902566,1.42293181945123,0.154755921025828,0.188083796964607,"Normal"
"MAK16","MAK16",406.11256469061,-0.182876079874019,0.128544995413131,-1.42266199696281,0.15483416230868,0.188131831622375,"Normal"
"IOC3","IOC3",798.622491449961,0.164772058118054,0.115883413096143,1.42187784874226,0.155061714782544,0.188361218032095,"Normal"
"YJL218W","YJL218W",2413.07310397705,-0.120256987669631,0.0847184716078141,-1.41948957986795,0.155756332636162,0.189157715640868,"Normal"
"ERG3","ERG3",5434.4471468628,-0.10877248783862,0.0767138731762417,-1.41789852780249,0.156220392285128,0.189673884586066,"Normal"
"YKR011C","YKR011C",1521.74594784394,-0.119841520255141,0.0845425162763101,-1.41752961153253,0.156328143151447,0.189757293922778,"Normal"
"AVT4","AVT4",6225.86549848437,-0.137683117545854,0.0971631744349936,-1.41702984022995,0.156474203275586,0.18988715127774,"Normal"
"POC4","POC4",207.252439781889,0.22381438581782,0.1582219521626,1.41455962815964,0.157197652832278,0.190717451963056,"Normal"
"FIM1_1736","FIM1_1736",685.313296951525,-0.151980390634559,0.107984881713708,-1.40742285607621,0.159302037684204,0.193222316801685,"Normal"
"FIM1_2603","FIM1_2603",396.234567831503,-0.263706235958275,0.187627671893647,-1.40547624610378,0.15987970798662,0.193874594735959,"Normal"
"PFA4","PFA4",517.579766158247,-0.170115298868491,0.12112243513865,-1.40449041231509,0.160172864715895,0.194181624165303,"Normal"
"NOP12","NOP12",744.600047649684,-0.152519205783468,0.108637789577974,-1.40392405235748,0.160341466483284,0.194337536952426,"Normal"
"TAF12","TAF12",1582.34070599696,-0.123611952709329,0.0881524776219199,-1.4022515990928,0.160840128170915,0.194893312414583,"Normal"
"SKI3","SKI3",1826.33508151672,-0.118002289204604,0.0842147624122893,-1.40120669849903,0.16115227179711,0.195222859302457,"Normal"
"ADH4a","ADH4a",130.438725612545,0.269114971820626,0.192346868632865,1.3991128305514,0.161779150751561,0.195933423106141,"Normal"
"MSS51","MSS51",8021.09279721834,0.137308892762679,0.0981838692264633,1.39848728558428,0.161966788095622,0.196111792513488,"Normal"
"YPR003C","YPR003C",1670.59085140316,0.118008513375515,0.0845042743119271,1.39647981520929,0.16257005477849,0.196793197849696,"Normal"
"FIM1_1164","FIM1_1164",73.0083854375316,0.32874682310187,0.235481591268046,1.39606166805481,0.1626959255902,0.196896513684378,"Normal"
"FIM1_2892","FIM1_2892",753.514050257841,-0.168306551641757,0.120588214364586,-1.39571310951583,0.162800904979792,0.196974501318927,"Normal"
"YOR389W","YOR389W",1135.73896266697,0.136656805562639,0.0979396815569747,1.39531600869195,0.16292056665937,0.197070209957152,"Normal"
"TRS20","TRS20",164.486917093936,0.242754346457468,0.174223624718659,1.39334919044116,0.163514222355616,0.197739075765539,"Normal"
"tRNA-His","tRNA-His",78.6975353423238,-0.32524249304706,0.233734009903722,-1.39150692353685,0.16407176162471,0.198363943701036,"Normal"
"ACH1","ACH1",87527.0113149172,-0.134822015412545,0.0968986949090306,-1.39137080782271,0.164113012113114,0.198364459168562,"Normal"
"SWC4","SWC4",839.535219708622,0.147059990251547,0.105751790417018,1.39061466166801,0.164342307932905,0.198592209461822,"Normal"
"TY2B-GR1","TY2B-GR1",3081.98995684414,-0.195637588123066,0.141378970731661,-1.38378138637314,0.166425404187386,0.20105943285592,"Normal"
"DIB1","DIB1",321.938837040211,-0.189683571580582,0.137440797927876,-1.38011110558396,0.167552438423927,0.202370693090197,"Normal"
"AHA1","AHA1",5929.76226074016,-0.12074533864079,0.087638415108406,-1.37776725527762,0.168275158883798,0.203193090709834,"Normal"
"ARX1","ARX1",442.9958666332,-0.182967225637341,0.132945545087534,-1.37625691418897,0.168742107108014,0.203706310170892,"Normal"
"PET123","PET123",4914.91369018832,-0.110332875248878,0.0802052318037306,-1.375631897915,0.168935625942847,0.203889271350297,"Normal"
"FAT1","FAT1",2303.241632389,-0.114182047798739,0.0830661292316813,-1.37459213345878,0.169257928796152,0.20422753315632,"Normal"
"URN1","URN1",808.606433620981,0.136868964196662,0.0996103989103549,1.37404292818703,0.16942835571793,0.204382418181088,"Normal"
"STE23","STE23",5240.0945683575,-0.119152519004946,0.0867983893827623,-1.37275034539534,0.169829972039082,0.20481604222832,"Normal"
"MSC2","MSC2",1435.3943972726,0.128004337066046,0.093363980921184,1.3710248406621,0.170367212542172,0.205412974129631,"Normal"
"IRA2","IRA2",12292.8151933981,-0.141266882854927,0.103450239828267,-1.36555394254704,0.172079011085829,0.207425431621444,"Normal"
"SNF6","SNF6",594.591192988954,0.146770144667932,0.107554726552729,1.36460897044796,0.172375983837778,0.207731871395775,"Normal"
"YKT6","YKT6",3760.8198279282,0.132944599983758,0.0974676030067291,1.36398758030994,0.172571474554866,0.20791589260156,"Normal"
"NSE1","NSE1",1177.03912356113,0.130068842974375,0.0956413330082011,1.35996476505844,0.173841074243808,0.209393599343248,"Normal"
"BDH2","BDH2",28394.7883359801,-0.115556622812408,0.0849845735533629,-1.3597364554621,0.173913337399394,0.20942872525989,"Normal"
"DCR2","DCR2",911.416400482529,0.128479239378736,0.0945415825684197,1.35897068663681,0.174155877711499,0.209616896160558,"Normal"
"RCR2","RCR2",4754.90681444223,0.148853467517933,0.109525211323052,1.35907948242966,0.174121403666481,0.209616896160558,"Normal"
"YMR1","YMR1",3293.27046564851,0.110631157064703,0.0814258906397815,1.35867297484189,0.174250239494869,0.209678532368888,"Normal"
"FIM1_2750","FIM1_2750",288.178681592134,0.175766079562967,0.129952140071656,1.35254470966041,0.17620112621367,0.211973575704933,"Normal"
"FIM1_529","FIM1_529",74.7673836473296,0.309283618577051,0.228845681141703,1.35149423416709,0.176537165659251,0.212325269291659,"Normal"
"CDC36","CDC36",899.974461821555,-0.134068586244587,0.0992787984261687,-1.35042514988022,0.176879648102668,0.212684536038323,"Normal"
"TFC4","TFC4",708.087825114522,0.228110523569542,0.16909224115047,1.34903010343658,0.177327297068804,0.213170048603988,"Normal"
"URA3","URA3",966.58665482569,0.13835811943379,0.102618411793856,1.34827773120996,0.177569071733802,0.213407895017201,"Normal"
"TEA1","TEA1",1227.58781859022,-0.510145648318947,0.378479355739091,-1.34788236289068,0.177696221611548,0.213507898321096,"Normal"
"FIM1_3391","FIM1_3391",431.072838250395,-0.217536978907123,0.161448887274722,-1.34740463424168,0.177849948879783,0.213639777900338,"Normal"
"THR4","THR4",3006.4085408176,-0.105920415392581,0.0787729395517659,-1.3446294627989,0.178744923862711,0.214661785726375,"Normal"
"MGT1","MGT1",199.683798218882,0.275513037610441,0.205388415123495,1.34142442963388,0.179782690293009,0.215854729956445,"Normal"
"PDS1","PDS1",1156.21162134736,-0.130887270200839,0.0978133862227669,-1.33813249142348,0.180853250808637,0.217086449031415,"Normal"
"YME1","YME1",21685.2152884962,-0.0993258080912972,0.0743671868771,-1.33561335667361,0.181675682160444,0.218019792446925,"Normal"
"GRP78","GRP78",10530.9284159964,0.109140574688703,0.0817823194624465,1.33452530334284,0.182031759898183,0.218393165764264,"Normal"
"CDC20","CDC20",296.957080054889,-0.185047005000936,0.138813928547856,-1.33305790662888,0.182512801550398,0.21891624357773,"Normal"
"FAP1","FAP1",142.405581194826,-0.270897416272748,0.203280010794106,-1.33263184714768,0.182652648678527,0.219029916073288,"Normal"
"SWI6","SWI6",1380.84570270603,-0.122470136971869,0.0933744108050186,-1.31160278191857,0.189654193909015,0.227369782433729,"Normal"
"MRX12","MRX12",743.954385904382,-0.140179946502559,0.107012404953418,-1.30994109106863,0.190215764869294,0.22798677886036,"Normal"
"PRP38","PRP38",545.092792375622,0.150885214280979,0.115243650512004,1.309271388147,0.190442437908401,0.228202171589869,"Normal"
"FIM1_1241","FIM1_1241",13.5489054388271,0.704283891492185,0.538524422168932,1.30780306797536,0.190940113358874,0.228742113119026,"Normal"
"YAF9","YAF9",501.984120199136,0.153518970455872,0.117556285737991,1.30591885829086,0.191580152741642,0.229452295334395,"Normal"
"RRP43","RRP43",703.334218948571,-0.128982349175724,0.0989352771448794,-1.30370432971896,0.192334412615154,0.230298893764671,"Normal"
"YER152C","YER152C",1089.24827370362,0.126500816356669,0.0970731778110395,1.30314901818619,0.192523891460783,0.23046897970139,"Normal"
"AIM1","AIM1",733.322938566009,0.133347083378067,0.102475337481431,1.30126025105534,0.193169388019474,0.231184742952371,"Normal"
"RTG1","RTG1",293.949382296275,0.210870710183272,0.162210835268615,1.29997918963969,0.193608101751992,0.231652737358515,"Normal"
"SMP3","SMP3",255.682743871195,-0.175420906769263,0.135095880090637,-1.29849190553828,0.194118356033005,0.232206078770156,"Normal"
"APM4","APM4",1987.80684049518,0.118617438334192,0.0913607938814828,1.2983407137209,0.194170281820512,0.232211026179146,"Normal"
"VMA21","VMA21",7.7742504015676,0.910330386893257,0.701613597716809,1.29748110620383,0.194465701861958,0.232507097772454,"Normal"
"STE20","STE20",5130.91939853983,0.120687924058108,0.093042612987848,1.29712526532193,0.19458808964374,0.232596193746355,"Normal"
"HUA1","HUA1",2038.60321864696,0.169288742197035,0.130590525594816,1.29633249752198,0.194860957090926,0.232865073906741,"Normal"
"YFH1","YFH1",2347.13513147497,0.139030449865666,0.10739738932831,1.29454217402487,0.195478211579208,0.233545274173438,"Normal"
"BDF1","BDF1",10121.8167949213,-0.108790530371802,0.084127373095521,-1.29316447630283,0.195954179069763,0.23405638055555,"Normal"
"PTP1","PTP1",1935.69447644794,0.117801755008433,0.0912279818612401,1.29128971840693,0.196603234497418,0.234773928833362,"Normal"
"RPO41","RPO41",14914.3319472871,0.131440779489537,0.101912121125596,1.28974628373744,0.19713876394259,0.235355590662664,"Normal"
"YPR1","YPR1",41669.5129955642,-0.147528749075027,0.114582779352085,-1.28752985317023,0.197909671198063,0.236217905269316,"Normal"
"POP8","POP8",128.532082352794,0.256870030958882,0.199819692526363,1.28550908927553,0.198614442579452,0.237000878313742,"Normal"
"JID1","JID1",10099.0301152937,0.0987044524700226,0.0769590634054774,1.28255787040929,0.199647018066502,0.238174530023357,"Normal"
"ORC2","ORC2",565.078569776148,0.137692841585455,0.107410638973531,1.28192926605144,0.199867460465295,0.238378986352693,"Normal"
"MCT1","MCT1",1192.70445162364,0.115691465827936,0.0902589251187364,1.28177313961742,0.199922239281213,0.238385806298752,"Normal"
"YHR045W","YHR045W",819.327039864108,-0.146720967939459,0.114735930239607,-1.2787708927191,0.200977746728654,0.239585591598265,"Normal"
"NUD1","NUD1",1255.02127696296,-0.120853337287453,0.09460344169209,-1.27747294523174,0.201435326078431,0.24007217302308,"Normal"
"EST3","EST3",146.032792711548,0.257621069822864,0.201843297467265,1.27634195960679,0.201834663659069,0.240489119842917,"Normal"
"IES5","IES5",516.857115673629,-0.147406989607016,0.115539941916805,-1.27580979496387,0.202022764226531,0.240654231766784,"Normal"
"MDM35","MDM35",2668.81347997825,0.133787231863095,0.104878165872265,1.27564427495842,0.20208129548712,0.24066495460096,"Normal"
"TRS65","TRS65",229.519398318632,0.194874570497969,0.15312855099703,1.27262074400318,0.203152653910523,0.241881584256612,"Normal"
"PMP2","PMP2",15524.9195589792,-0.122112626749995,0.0960750976472623,-1.27101225749807,0.203724287989748,0.242502772009355,"Normal"
"tRNA-Phe","tRNA-Phe",12.3650384007183,0.69909713117597,0.550388123909523,1.27018934603846,0.20401719174608,0.242791950696597,"Normal"
"LIP1","LIP1",1604.82260217548,0.10620632054394,0.0837423149120333,1.26825154828242,0.204708133757984,0.243554559728219,"Normal"
"LPE10","LPE10",880.290719518057,0.120180998897133,0.0952151664796536,1.26220436659966,0.206875257874363,0.246072675155821,"Normal"
"YKR051W","YKR051W",2302.11713995244,-0.10577766134002,0.083985731478214,-1.25947181120234,0.207859965707386,0.247165815707679,"Normal"
"MEC1","MEC1",4309.15057974696,-0.107963396177153,0.085727964294033,-1.25937198049934,0.207896005103372,0.247165815707679,"Normal"
"YNL050C","YNL050C",453.195578264265,0.140960978382096,0.11200132534631,1.25856527095767,0.208187397657928,0.247451703820908,"Normal"
"DDR48","DDR48",7612.54642958441,0.153756285127267,0.12224124119682,1.25781024163281,0.208460390898624,0.247715588010861,"Normal"
"THP2","THP2",164.640853545887,0.214017977651912,0.170242107432204,1.25713891163584,0.208703339114604,0.247943649085051,"Normal"
"SPC98","SPC98",463.101419236265,-0.172865923537609,0.138140786380759,-1.25137497814104,0.210797701882241,0.250370577718359,"Normal"
"MTM1","MTM1",1147.1561849877,-0.107755355045609,0.086212188424316,-1.2498853934117,0.211341415909623,0.250955019527092,"Normal"
"UBX7","UBX7",9020.06146944614,-0.0968849978098794,0.0777582723436043,-1.245976728775,0.212772938785866,0.252593136955905,"Normal"
"RRP36","RRP36",347.384285119006,0.178914209095113,0.143639999874069,1.24557372077395,0.212920935061857,0.25270708926858,"Normal"
"MRP51","MRP51",4310.49774554073,0.103944871696451,0.0837197316775778,1.2415815198353,0.214391003643546,0.25438971592283,"Normal"
"FRE1","FRE1",38850.893913164,-0.0961314025494791,0.0775228218318106,-1.2400400330891,0.2149605872954,0.255003294352624,"Normal"
"YPT52","YPT52",4047.44755397813,-0.0988845233026164,0.0798382024497574,-1.23856149397708,0.21550793556915,0.255590202326214,"Normal"
"YOL036W","YOL036W",5363.56678870558,-0.0996311974777024,0.0806136052576896,-1.2359104540632,0.216491850693324,0.256694461327198,"Normal"
"POR1","POR1",15997.7646679415,-0.0980199035763356,0.0795258921825116,-1.23255333434525,0.217742456511334,0.258114319636148,"Normal"
"YML096W","YML096W",1041.6285618611,-0.115899352533905,0.0941275560004343,-1.23130098622097,0.218210313179593,0.258605832131621,"Normal"
"YOR296W","YOR296W",1953.80577024209,0.0988122494176276,0.0804369610640789,1.2284433438368,0.219280585364225,0.259810866687337,"Normal"
"PDP3","PDP3",1733.40414484296,-0.122835833306835,0.100029434160377,-1.22799688249653,0.219448138267359,0.259946002886664,"Normal"
"STB5","STB5",1184.91438446218,0.119805656298679,0.0975859471452527,1.22769373873426,0.219561957755018,0.260017439125429,"Normal"
"SRN2","SRN2",512.295699295745,0.140011247580552,0.114141121417742,1.22665035914733,0.219954032845133,0.260418285963572,"Normal"
"RGL1","RGL1",257.74594166776,0.195436168174803,0.159395419362071,1.22610906233676,0.220157636007674,0.260595847347451,"Normal"
"SAM2","SAM2",9329.63295364773,0.0939177348519061,0.0766304959867073,1.2255921567857,0.220352190826023,0.260739020953328,"Normal"
"TRE2","TRE2",2451.48197620463,0.102202101062512,0.0833960710038665,1.22550259061693,0.220385914602864,0.260739020953328,"Normal"
"BNR1","BNR1",625.394103786526,0.161148472076389,0.131534722212341,1.22514017109674,0.220522411904104,0.260837000837887,"Normal"
"INP1","INP1",1698.67869782028,-0.106548010731552,0.0870875163344591,-1.22345905838392,0.221156358752122,0.261523180135449,"Normal"
"RPP1B","RPP1B",2888.57375569861,0.110180325587422,0.0901587815886103,1.22206981556349,0.221681226539448,0.262080068066953,"Normal"
"FIM1_299","FIM1_299",1046.39628093678,0.113725669290785,0.0931351130594647,1.22108263526962,0.222054733679653,0.262457784225112,"Normal"
"CLN1","CLN1",158.702231428031,-0.227385580174798,0.186331642951018,-1.22032724326148,0.222340846215445,0.262718824723501,"Normal"
"NPT1","NPT1",4677.35498694873,0.117514156312307,0.0963061786627984,1.22021409159806,0.222383726299189,0.262718824723501,"Normal"
"YAP1801","YAP1801",9359.45915002733,0.0907386942260027,0.0743981373214679,1.21963664001329,0.222602650227036,0.262913533654149,"Normal"
"FIM1_1650","FIM1_1650",4175.54593220958,-0.101841969204974,0.0837067955954865,-1.21665115096659,0.223736972232194,0.264124865907733,"Normal"
"FLX1","FLX1",331.927425385816,-0.159946559016975,0.131458020703568,-1.21671205880733,0.223713789365581,0.264124865907733,"Normal"
"YGL041W-A","YGL041W-A",1455.9292711093,0.103297597701302,0.0849209048472962,1.21639775137878,0.223833440142731,0.264174565376131,"Normal"
"MRPL4","MRPL4",3614.38112940365,-0.0954899008387779,0.0785425386929976,-1.21577303748766,0.224071392525815,0.264391184138643,"Normal"
"CKA1","CKA1",2604.16307797831,0.113603378205735,0.0934638197761929,1.21547972763973,0.224183176080026,0.264458861998748,"Normal"
"YHL018W","YHL018W",895.879643608332,-0.115596705955819,0.0951248783143935,-1.21521002711577,0.224285997041352,0.264515936801925,"Normal"
"PMA1","PMA1",123394.29759933,0.322297343471901,0.265302531459519,1.21482950689853,0.22443112436371,0.264558668918794,"Normal"
"FIM1_3590","FIM1_3590",33.3927317877649,-0.40968027252607,0.337217470349792,-1.21488448419091,0.224410152323717,0.264558668918794,"Normal"
"UTP18","UTP18",611.974802789798,-0.131379461384736,0.108285241930791,-1.21327208622488,0.22502581143968,0.265195347510406,"Normal"
"TEX1","TEX1",444.803917995746,0.149763981715011,0.12353049575527,1.21236445137979,0.225372902348837,0.265539993334868,"Normal"
"MMM1","MMM1",374.010831106975,0.208917546631765,0.17268624018999,1.20981003698912,0.226351793930852,0.266628694960003,"Normal"
"FIM1_4836","FIM1_4836",45.5840866945753,0.384802292901779,0.318635417538949,1.2076570014529,0.227179223821058,0.267538499405361,"Normal"
"CTK3","CTK3",999.883759671744,0.111092552445242,0.0920856002566542,1.20640525918942,0.227661269207821,0.268041218095663,"Normal"
"YER137C","YER137C",871.904968106888,-0.124796234987719,0.103620926506803,-1.20435359144878,0.228452941252234,0.268908149598984,"Normal"
"SLK19","SLK19",1113.62936978752,0.110498899859279,0.0918435070637568,1.2031215204203,0.22892929865536,0.269403599459044,"Normal"
"TPK2","TPK2",9598.63114752134,-0.0892302361336101,0.074705209308629,-1.1944312446134,0.232309320905024,0.273272832493044,"Normal"
"FIM1_829","FIM1_829",603.317021664095,0.13561414206548,0.113543633759841,1.19437909088167,0.232329712086595,0.273272832493044,"Normal"
"THP1","THP1",357.35557557139,0.154252358145721,0.129293771249339,1.19303781346318,0.232854564172121,0.273823893347612,"Normal"
"DJP1","DJP1",2851.66033676324,-0.095317722036654,0.0801785486488296,-1.18881825180114,0.234511194173661,0.275705272801795,"Normal"
"TMA17","TMA17",8373.3978300104,0.12394623390572,0.104607641285687,1.18486787755035,0.236069689785218,0.277470397355194,"Normal"
"FUS3","FUS3",557.793375331202,0.157656629839746,0.133250785313376,1.18315722844689,0.236746840590731,0.278199008084731,"Normal"
"TED1","TED1",2040.95353805273,0.0944976499060783,0.0799594403703761,1.18181980099361,0.237277209261569,0.278754825870881,"Normal"
"WSS1","WSS1",472.751351639021,-0.140086603531867,0.11861380232121,-1.18103121888385,0.23759032161255,0.279055202493445,"Normal"
"IES6","IES6",2088.50655712585,0.0984647577623114,0.0834997120213805,1.17922272279333,0.238309500233733,0.279832252691084,"Normal"
"ESBP6","ESBP6",2335.04406645655,-0.107040692533733,0.0908200457303249,-1.17860205500857,0.238556672966181,0.280054813709271,"Normal"
"rplC","rplC",3993.0160921834,-0.101153027573236,0.0859043469088276,-1.17750767234856,0.238992937041896,0.28049919833009,"Normal"
"NUP145","NUP145",1330.14855026354,0.125510224356734,0.106616337252999,1.17721380785105,0.239110178817509,0.280569031363023,"Normal"
"FRK1","FRK1",1906.48251620163,0.0995139686026566,0.0845791265204276,1.1765783438142,0.239363845711636,0.280669012441674,"Normal"
"COX5B","COX5B",733.414391031584,0.120521415851268,0.102416509241813,1.1767772280415,0.239284433970934,0.280669012441674,"Normal"
"NDC80","NDC80",1517.58848107757,-0.110159582257689,0.0936280315738746,-1.17656625271215,0.239368674121897,0.280669012441674,"Normal"
"KAP114","KAP114",1742.2288984184,0.143021530162943,0.121595616137137,1.17620630337234,0.239512446251179,0.280769837475145,"Normal"
"AIM32","AIM32",578.099351900043,-0.135637874305177,0.115349967123189,-1.17588134342788,0.239642295095593,0.280854296157618,"Normal"
"FIM1_3439","FIM1_3439",914.824431485618,0.139784914034674,0.118989347920671,1.17476830050256,0.240087425537118,0.281308126521548,"Normal"
"PTC4","PTC4",1505.21084593236,0.108246705174103,0.0926750066814295,1.16802478953361,0.242796765703658,0.284414051242544,"Normal"
"RRP4","RRP4",0.708370311546288,-2.89265707890603,2.47690195082599,-1.16785288087055,0.242866113293557,0.284426715954059,"Normal"
"FIM1_3365","FIM1_3365",632.377302608646,-0.145320198806957,0.124773781299565,-1.16466935035064,0.244152860015357,0.285864758268583,"Normal"
"HMI1","HMI1",594.806956469774,0.124747701100153,0.107208739914034,1.16359637470026,0.244587621275398,0.286304806498954,"Normal"
"ATP18","ATP18",14326.6218816066,-0.0888957743871303,0.0765276724822687,-1.16161607303198,0.245391450274385,0.28717655512602,"Normal"
"GDT1","GDT1",3721.36916831788,-0.0987527340037239,0.085059890125231,-1.16097885687759,0.245650497836426,0.287341302115357,"Normal"
"SMD3","SMD3",300.714730564445,-0.15015873503432,0.129337744686024,-1.16098154795292,0.245649403430156,0.287341302115357,"Normal"
"MSH1","MSH1",611.402743594214,0.138452624034366,0.119272473643691,1.1608095296822,0.245719366681123,0.287352684164519,"Normal"
"ARL1","ARL1",2084.19097730685,0.104173035083239,0.0897880907985599,1.16020993604766,0.245963342564676,0.287499610661959,"Normal"
"PET111","PET111",897.318150178741,0.114516717758011,0.0986983735063141,1.16026955348646,0.245939076505232,0.287499610661959,"Normal"
"HPM1","HPM1",332.329738345005,0.157513391296743,0.13734517620587,1.14684327217027,0.251446401430356,0.293837918362217,"Normal"
"LRO1","LRO1",7702.13278674342,0.0804301468665293,0.0702623899207897,1.1447112311039,0.252328797486458,0.2947981791264,"Normal"
"FUM1","FUM1",38663.7147238475,0.0919228228014621,0.0805862666929581,1.1406760304668,0.254004764822352,0.296684892373031,"Normal"
"RIA1","RIA1",2066.52260065953,-0.0962196272175856,0.0844991214249736,-1.13870565273295,0.254825944251358,0.297572521777782,"Normal"
"CTK1","CTK1",1535.49762673259,0.0976654141128584,0.0858719659993322,1.13733758131982,0.255397189925385,0.298167935090689,"Normal"
"ERS1","ERS1",368.876768852711,0.14320173276783,0.126019478222351,1.13634602196307,0.25581177691964,0.298580212359483,"Normal"
"MAK5","MAK5",497.412189809275,-0.150921309378064,0.132898137317056,-1.13561643846076,0.256117126047249,0.298864821196825,"Normal"
"USA1","USA1",12116.138553887,-0.0950793718510264,0.0837588495010952,-1.13515613475306,0.256309904987617,0.299017965986754,"Normal"
"REC107","REC107",190.432375162588,-0.186795878953022,0.164650227130327,-1.13450119206435,0.256584373992154,0.299208547655087,"Normal"
"YBR085C-A","YBR085C-A",2848.22526871662,0.111076217204835,0.09791001710141,1.13447245229044,0.256596422736931,0.299208547655087,"Normal"
"VPS71","VPS71",896.218829879306,0.143597700190651,0.126726538955917,1.13313045060437,0.257159475520036,0.299793160161194,"Normal"
"KEI1","KEI1",8.76963195863327,0.725615225967491,0.646475979915937,1.12241637510158,0.261685445239675,0.3049963008922,"Normal"
"TRM9","TRM9",325.793025509996,0.145135836446477,0.129444488270512,1.12122067448073,0.262193941493134,0.305515674272215,"Normal"
"BTS1","BTS1",688.046232024141,0.123706062033413,0.110486438923919,1.11964928219468,0.262863245726433,0.306222131619453,"Normal"
"FIM1_1454","FIM1_1454",2980.19616986624,-0.0924679034843846,0.0826457781614501,-1.11884606257499,0.26320581680116,0.306500675166958,"Normal"
"ATG15","ATG15",6568.98935322292,-0.106802682852925,0.0954624258011907,-1.11879288585596,0.26322850740311,0.306500675166958,"Normal"
"SMM1","SMM1",707.97898012007,-0.113589229124187,0.101563078489718,-1.1184106548689,0.263391645782278,0.306617155451866,"Normal"
"AAR2","AAR2",341.587613085431,-0.173020520897534,0.154908742723446,-1.11691901861487,0.264028952013805,0.307285431816786,"Normal"
"HLJ1","HLJ1",1249.47749449312,0.0964973533363705,0.0864706492955073,1.11595499886439,0.264441397747362,0.307691750875104,"Normal"
"CTR9","CTR9",2499.37847152145,-0.0975263117272465,0.0875823762538004,-1.11353808721323,0.265477400008874,0.308823243151333,"Normal"
"RAD10","RAD10",928.115065560476,-0.123206765133127,0.11077756958237,-1.11219956889843,0.266052353238022,0.309417995304823,"Normal"
"TY2B-GR2","TY2B-GR2",1819.90458539487,-0.161723743478707,0.145557201698043,-1.11106658820084,0.266539688268247,0.309910587531805,"Normal"
"YBR241C","YBR241C",2813.56858650576,-0.0887263090130447,0.0800108268192264,-1.10892878551936,0.267460904746217,0.310907305301882,"Normal"
"NUP159","NUP159",2630.79080655791,-0.103449280931751,0.0933515804196222,-1.10816850091599,0.267789051670173,0.311214303292363,"Normal"
"TFB1","TFB1",476.484136624339,0.149564891183422,0.13500971595674,1.10780835381763,0.267944591528985,0.311320605030927,"Normal"
"ERP5","ERP5",879.825353151827,0.109515142990022,0.0989639719426703,1.10661628510085,0.268459863363193,0.311844722945674,"Normal"
"GCS1","GCS1",2655.18025325636,-0.100251231724864,0.0906386378177666,-1.10605404205681,0.268703129029304,0.312052701709701,"Normal"
"MVB12","MVB12",413.406564121408,0.152608037318349,0.138036077362335,1.10556631450605,0.26891427665289,0.312148702880171,"Normal"
"YVC1","YVC1",2850.45676379854,-0.0828128584396985,0.074895440497591,-1.10571294980717,0.268850783142074,0.312148702880171,"Normal"
"RRP45","RRP45",179.094082507026,0.183675798917032,0.166401463463661,1.10381119909527,0.269675045791335,0.312957021136876,"Normal"
"RRG7","RRG7",287.666970287572,0.150729402925377,0.136825682159133,1.10161630877216,0.270628515100268,0.313988527906447,"Normal"
"SEC10","SEC10",2007.66498554337,0.111537289616226,0.101518023312322,1.09869445815626,0.271901360639769,0.315390000321948,"Normal"
"YLR287C","YLR287C",474.045762510871,-0.121986870982396,0.111459871683888,-1.09444654062014,0.273759181538089,0.317469179735937,"Normal"
"YOR289W","YOR289W",9049.90289417329,0.0979168350157111,0.0894973971291447,1.09407466760645,0.273922231708698,0.31758246811562,"Normal"
"HAH1","HAH1",4402.38098927488,0.102494807337032,0.093935614848582,1.09111765012926,0.275221117334672,0.319012263628142,"Normal"
"RLF2","RLF2",467.840400480649,-0.118525176590791,0.10887096770642,-1.08867569644834,0.276296922876974,0.320182863882474,"Normal"
"PXL1","PXL1",449.61908880585,0.180186194012195,0.166022992321779,1.08530867618001,0.277784964467166,0.321830506043385,"Normal"
"YLR257W","YLR257W",2626.19974094041,-0.29624604718901,0.273568347283355,-1.08289592027314,0.278854622944383,0.322992756349644,"Normal"
"CTS1","CTS1",703.630063867458,0.115980014052533,0.107127952910893,1.08263073176618,0.278972360890343,0.323052121440938,"Normal"
"PIH1","PIH1",289.87589182141,0.145213842979894,0.134416060179857,1.08033104664419,0.279994789143028,0.32415884690159,"Normal"
"GTT3","GTT3",2857.16321350459,-0.0958968117198606,0.088979154074962,-1.07774470005717,0.281147704264073,0.325267727436769,"Normal"
"PFS2","PFS2",423.122530358316,0.137485918680312,0.127557190748734,1.07783746155978,0.281106298357083,0.325267727436769,"Normal"
"VPS21","VPS21",4475.29180797498,0.0840373452067665,0.0779761136140537,1.07773190162712,0.281153417418076,0.325267727436769,"Normal"
"NHP10","NHP10",427.663920934159,0.125483340796487,0.116596423167297,1.07621947044155,0.281829113937963,0.325971831617367,"Normal"
"PFD1","PFD1",668.003468648816,0.110182699991898,0.102802641488692,1.07178860772773,0.283814991163114,0.328190633522506,"Normal"
"LSM3","LSM3",359.260667768169,-0.154577033527769,0.144553136299336,-1.06934403144098,0.284914676818882,0.329383872153925,"Normal"
"VAM6","VAM6",493.98861261814,0.12719470042179,0.118996587716408,1.06889367890884,0.285117580576484,0.329540039015494,"Normal"
"CDC25","CDC25",8777.14268023439,-0.103740513740367,0.0971512572775894,-1.06782471629729,0.285599586740211,0.3300186425614,"Normal"
"ELP4","ELP4",809.610760325431,0.112034847613041,0.104936897849243,1.06764017146757,0.285682855610653,0.330036375514066,"Normal"
"SME1","SME1",354.682155179528,-0.128814355361782,0.121083011491794,-1.06385159878942,0.28739593219973,0.331936495022222,"Normal"
"SGT2","SGT2",19988.3753497945,0.075771759401154,0.0712363778677272,1.06366664995023,0.287479737491416,0.331954383191728,"Normal"
"ECO1","ECO1",554.276985423689,-0.13343612850662,0.12555720264464,-1.06275168366309,0.287894575874343,0.332354417717613,"Normal"
"FIM1_4611","FIM1_4611",11.9328841432432,0.667887617678394,0.628697797080476,1.06233490999954,0.288083671495784,0.332493719666987,"Normal"
"RTR1","RTR1",568.872484866175,-0.127142792904918,0.119716021299051,-1.0620365722589,0.288219082628234,0.332571009852907,"Normal"
"FIM1_382","FIM1_382",10.5392841844351,-0.663383243827485,0.625710234649503,-1.06020839534307,0.28904980257496,0.333450377661855,"Normal"
"YDL012C","YDL012C",1952.0909682919,-0.0961253256068191,0.090745449476789,-1.05928535437368,0.289469842830439,0.333789042028935,"Normal"
"PRX1b","PRX1b",16243.1823640723,-0.082208332505717,0.0776091102152881,-1.0592613712188,0.28948076211359,0.333789042028935,"Normal"
"TIM18","TIM18",642.835166258207,0.123436459014501,0.117004637791815,1.05497065196791,0.291438747308873,0.335966992449303,"Normal"
"SEC63","SEC63",1248.72863420353,0.105470597870103,0.100111536690492,1.05353090519607,0.292097737618104,0.336646799593541,"Normal"
"GPI19","GPI19",168.79530543803,-0.182350858641352,0.173135744679387,-1.05322479178999,0.292237978544072,0.336728560053508,"Normal"
"BAT1","BAT1",10535.3367509605,0.082880866300583,0.0787827473091786,1.05201797514526,0.292791302732208,0.337286140345139,"Normal"
"RNH201","RNH201",320.571873378587,-0.129528048656467,0.123380889753235,-1.04982261771273,0.293799674386447,0.338346437359714,"Normal"
"ZIP2","ZIP2",215.433830737622,0.170625688669645,0.1625453899448,1.0497110298089,0.293850991080056,0.338346437359714,"Normal"
"SLY1","SLY1",1747.74790585024,0.0965206224711588,0.0921600988660829,1.04731465849893,0.294954477585726,0.33953655687966,"Normal"
"HOT13","HOT13",59.8749991688746,0.272743528174055,0.260826583591892,1.04568914877484,0.295704574384034,0.340319404768361,"Normal"
"FIM1_4659","FIM1_4659",22.348501956158,-0.423478534188423,0.40548482427744,-1.04437579123472,0.296311559559,0.340937217119862,"Normal"
"NUP82","NUP82",1118.94162424515,-0.0953617255061877,0.0916625039040518,-1.04035697743985,0.298174081867969,0.342999020785147,"Normal"
"YMR114C","YMR114C",4853.66615066283,0.0850631633738854,0.0819534093799577,1.03794538894056,0.299295480555863,0.344207512430991,"Normal"
"MRPS12","MRPS12",3298.72749580396,-0.0928305759262649,0.0895049746983682,-1.03715549039709,0.29966339767871,0.344549088812317,"Normal"
"SYO1","SYO1",309.63569143304,-0.148041909005496,0.142834463250247,-1.03645790824393,0.299988566621768,0.344841363902335,"Normal"
"PRP19","PRP19",464.86642898658,-0.142846008843056,0.137858807279028,-1.03617615488239,0.300119969004119,0.344910815844611,"Normal"
"YIL161W","YIL161W",359.435706680738,0.126468190711467,0.122071594215674,1.03601654032654,0.300194426073521,0.344914806406062,"Normal"
"LCL3","LCL3",446.515871192703,-0.119061015421083,0.115118281941069,-1.03424941211364,0.30101957967017,0.345781120004103,"Normal"
"SPC19","SPC19",659.941088692407,-0.10721618967612,0.103807108754721,-1.03284053435545,0.301678531079233,0.346456152804064,"Normal"
"DAL82","DAL82",632.522848921136,-0.105480597199677,0.102162978389462,-1.03247378710483,0.301850221188637,0.3465714141672,"Normal"
"CDA2","CDA2",263.416528782923,-0.174365923117482,0.169290366749527,-1.02998136554022,0.303018753189024,0.347830881584093,"Normal"
"UBC1","UBC1",1288.85524530109,0.097353881764407,0.0945809155511678,1.0293184539088,0.303330054371362,0.348105983512151,"Normal"
"OCA4","OCA4",1022.52496781197,0.109896673651641,0.106874283336278,1.02827986509957,0.303818199595084,0.348583856394926,"Normal"
"TAF6","TAF6",939.957399068743,0.0964717134864335,0.0944535168472836,1.02136708834689,0.307080552127425,0.352243721148999,"Normal"
"AFB1","AFB1",49.8355477555833,-0.281302398063383,0.276292056796979,-1.01813422117338,0.308614174313166,0.353919346940683,"Normal"
"FIM1_4306","FIM1_4306",13.3471634349585,-0.551472023894256,0.542025635929449,-1.01742793576287,0.308949898149467,0.354220753918891,"Normal"
"AQR1","AQR1",1764.97126029709,0.120400383324854,0.118552649254486,1.01558576785915,0.309826685007721,0.355142218082689,"Normal"
"HRR25","HRR25",7762.03768227314,0.0719435242997998,0.0708615139350519,1.01526936562123,0.309977443080476,0.355231225454725,"Normal"
"TGS1","TGS1",861.426600732146,-0.110578098265571,0.109239167644021,-1.01225687315664,0.311415249488163,0.356794788319496,"Normal"
"NMD5","NMD5",1612.53271681993,0.0892815195729316,0.0885014252145918,1.00881448356846,0.313063613613872,0.358598797395051,"Normal"
"PEP7","PEP7",1069.13108936798,-0.0977834585977687,0.0970613167576961,-1.00744005814258,0.31372334938112,0.359269798407462,"Normal"
"ERG2","ERG2",400.802164517219,0.127316546538453,0.126414948097111,1.00713205562248,0.31387131856163,0.359354556289105,"Normal"
"YPL014W","YPL014W",4215.79781249468,-0.0996286845822391,0.099007461867398,-1.00627450399318,0.314283541488361,0.359741749844981,"Normal"
"NOP4","NOP4",1051.86804678314,-0.105572593620702,0.105071240684538,-1.00477155245239,0.31500686495402,0.360484775509087,"Normal"
"YLL032C","YLL032C",341.99851447281,-0.128543250313404,0.127973521577181,-1.00445192668922,0.315160831769466,0.360576049344911,"Normal"
"FIM1_1557","FIM1_1557",78.0545999080143,0.230532317547337,0.22969038843646,1.00366549561176,0.315539873682155,0.360924728394914,"Normal"
"YIL055C","YIL055C",5544.64085458602,0.0759627604805022,0.0757154368442074,1.00326648893017,0.315732300287706,0.361059836925856,"Normal"
"MIOX5","MIOX5",289.035400995259,-0.165059901930544,0.164701979615324,-1.00217315126421,0.316259972617889,0.361578166341252,"Normal"
"LCL2","LCL2",234.745337919673,-0.152238374812527,0.15272266505581,-0.996828956310408,0.318847540477934,0.364450764333635,"Normal"
"MRPL22","MRPL22",5931.49109307517,0.0769487279304883,0.077257913325013,0.995998010026184,0.3192511120642,0.36482623554091,"Normal"
"TIM44","TIM44",6417.58878967004,0.0759478592865622,0.0762800364212079,0.995645293969035,0.319422519198432,0.36493628515993,"Normal"
"UBC12","UBC12",978.851762956403,0.106761195540952,0.107270677928586,0.995250497177126,0.319614447442346,0.365069722642774,"Normal"
"DUO1","DUO1",699.809762509896,0.105392645169725,0.106006315347684,0.994211003599679,0.320120152162921,0.365561414655613,"Normal"
"PDE2","PDE2",1766.51869788929,-0.108303115893426,0.109138074672843,-0.992349518883118,0.321027055155042,0.366510916587958,"Normal"
"FIM1_4760","FIM1_4760",5260.00453668276,-0.141280845091345,0.142453121542643,-0.991770791411218,0.321309349033534,0.366747034755448,"Normal"
"MSS11","MSS11",1088.40039639552,-0.111216748854477,0.112363102996352,-0.989797770697804,0.322272974696712,0.367760541111161,"Normal"
"SEC66","SEC66",809.049474891656,0.0969084257947482,0.097936210311828,0.989505571904331,0.322415845079082,0.367837189772073,"Normal"
"CTR2","CTR2",3407.37092720151,-0.115482819126271,0.116838111547984,-0.988400253960314,0.322956663193057,0.36828125474186,"Normal"
"GYP6","GYP6",5109.91923120997,0.294510943967638,0.297952280172087,0.988450042394503,0.32293228962613,0.36828125474186,"Normal"
"PBP2","PBP2",572.558522280876,-0.136277847686666,0.138100431291605,-0.986802477096615,0.323739480150615,0.369087314418545,"Normal"
"YAR1","YAR1",533.581104891219,0.119381410312534,0.121021865692512,0.986444967026488,0.323914808236055,0.369200575467744,"Normal"
"SKP1","SKP1",4397.80665437843,0.0926547126877334,0.0940065715955864,0.985619527604212,0.32431985184098,0.369575553493274,"Normal"
"SCO1","SCO1",6396.21758723256,0.0825746864464394,0.0839209686822918,0.983957737178307,0.325136293280566,0.370419050187637,"Normal"
"FIM1_3055","FIM1_3055",15.3063863130784,0.470677179548238,0.482715343145774,0.975061568337387,0.329529720676242,0.375336360235786,"Normal"
"SPO14","SPO14",1696.33722612493,0.11989280653227,0.123284293006707,0.972490522582205,0.330806577516562,0.376702404535499,"Normal"
"HIS5","HIS5",647.473845987116,-0.114636851617822,0.118100237709073,-0.970674181877745,0.331710552475956,0.377643292989848,"Normal"
"YOL019W","YOL019W",1676.86426804333,0.0810536575713646,0.0835440606956869,0.970190542528286,0.331951523970163,0.377829106341302,"Normal"
"ILV5","ILV5",36381.2788127678,-0.0685778394145475,0.0707985468600372,-0.968633431843173,0.332728116733476,0.378624337051044,"Normal"
"MSO1","MSO1",678.773414570675,-0.109795982254896,0.113485346047157,-0.967490394832759,0.333298940632024,0.37909633720295,"Normal"
"CKB1","CKB1",2095.58661673974,0.0851848768451941,0.0880459861469342,0.967504375532061,0.333291954962713,0.37909633720295,"Normal"
"FIM1_711","FIM1_711",84.9368827522782,-0.247644899246149,0.257757242149547,-0.960767958180078,0.336668852749526,0.382839680671646,"Normal"
"HUL5","HUL5",1293.73666418838,0.147444542818659,0.153748621884601,0.958997492213792,0.337560008541361,0.383763238535908,"Normal"
"ATG23","ATG23",1486.48243116562,-0.0791583342915857,0.0829424884928293,-0.954376167510687,0.339893265488686,0.386235120909618,"Normal"
"VAB2","VAB2",515.513371853839,-0.124856396338668,0.130818385965824,-0.954425445757191,0.339868331024913,0.386235120909618,"Normal"
"ECM31","ECM31",1206.93591648091,-0.0848906275806132,0.0890300277514309,-0.953505572497688,0.34033397411847,0.38655511459599,"Normal"
"ELP3","ELP3",1677.71552169475,-0.0821018194312042,0.0861037931839547,-0.953521516244929,0.340325899857553,0.38655511459599,"Normal"
"DAD3","DAD3",58.0421353830807,-0.245889757592057,0.258534305998759,-0.951091409869748,0.341557975001658,0.387854685798798,"Normal"
"VPS41","VPS41",2503.49436062588,0.102357058947691,0.107659560190362,0.950747511569855,0.341732563315531,0.387962272231347,"Normal"
"MPT5","MPT5",11397.5389947611,-0.123285209098999,0.129858734733596,-0.949379411033976,0.342427678062947,0.388660613807022,"Normal"
"YHR078W","YHR078W",440.443157442742,0.110057811279253,0.116080747708925,0.948114251944913,0.34307129357763,0.38926247695704,"Normal"
"MET12","MET12",2486.81057883688,0.0878684969003631,0.0926861207313966,0.948022165637994,0.34311817015991,0.38926247695704,"Normal"
"PIM1","PIM1",11469.2189367351,-0.0713562242002721,0.07530276574723,-0.947591014648713,0.34333770223116,0.389420610443793,"Normal"
"MMS2","MMS2",2450.82312835338,-0.0727675498978617,0.0768166981326921,-0.947288176486889,0.343491954025712,0.389504645183415,"Normal"
"SUI3","SUI3",7092.53379816064,0.0779644495898252,0.0824255408915692,0.94587731844414,0.344211163408397,0.390229128091787,"Normal"
"EAF6","EAF6",396.826363998182,-0.12232891599062,0.129544616661467,-0.944299494206666,0.345016624340886,0.391051032813708,"Normal"
"PET309","PET309",2671.67564071782,-0.0972719301673833,0.103043529214437,-0.943988728927916,0.345175407976265,0.391139763842507,"Normal"
"FIM1_4742","FIM1_4742",1817.49532364608,0.0914807981544552,0.0970873037854254,0.942252947477446,0.346063151760829,0.392054291071548,"Normal"
"ATP11","ATP11",5891.04201475505,-0.0736578481086484,0.0782039462710155,-0.941868685927783,0.346259874002903,0.39218571743126,"Normal"
"CLB4","CLB4",834.428431251219,-0.0950131951656794,0.100938158129647,-0.94130105924503,0.346550600096169,0.392423529682425,"Normal"
"FIM1_521","FIM1_521",12.6043066077936,-0.549297232623535,0.5848915286062,-0.93914376556712,0.347656936524622,0.393584588670349,"Normal"
"ULS1","ULS1",2187.70903478008,0.0916491801774265,0.0979201558127459,0.9359582755637,0.349294670825067,0.395346565464477,"Normal"
"TFB5","TFB5",225.129086095426,0.142646971298587,0.153053476332817,0.932007391902682,0.351332705325039,0.397560692867807,"Normal"
"UME6","UME6",4983.55983259477,0.0709528426342566,0.0761830312962077,0.931347065442754,0.351674063319844,0.39785431284543,"Normal"
"BEM4","BEM4",517.224138286538,0.111538757902691,0.119824846509145,0.930848326971806,0.351932027061307,0.398042905261805,"Normal"
"SAW1","SAW1",1.2954906324833,1.77726070650922,1.90957916349382,0.93070805363078,0.352004602574598,0.398042905261805,"Normal"
"RRP17","RRP17",992.887115590605,0.0868075761256517,0.0933071823996937,0.930341843930084,0.352194119138376,0.398164547439128,"Normal"
"AIM4","AIM4",2.46928492609057,1.11746350564993,1.20340597778684,0.928583974383306,0.353104730181472,0.399101159328163,"Normal"
"GPD2","GPD2",12656.7946362819,-0.0692520868929668,0.0746860759763888,-0.927242273578011,0.353800758675997,0.399794857303876,"Normal"
"SLO1","SLO1",145.140381581193,-0.163946526560154,0.177818820544742,-0.921986357000399,0.356535692045858,0.402791659532858,"Normal"
"POL4","POL4",2187.80095373483,-0.0853476300938545,0.0935434303095024,-0.912385079438173,0.361566041147831,0.408284776652872,"Normal"
"HIS3","HIS3",648.844450918063,0.104458532334712,0.114484367804789,0.912426162083785,0.361544422583109,0.408284776652872,"Normal"
"SEC8","SEC8",924.451205912834,0.087499795741233,0.0960726861195784,0.910766621350891,0.36241835304847,0.408867141272932,"Normal"
"LEE1","LEE1",21037.4177886023,0.124825452185429,0.137035612760778,0.910897902163112,0.362349171127115,0.408867141272932,"Normal"
"PNC1","PNC1",6963.59772863453,-0.0912927613918585,0.100229055949582,-0.910841277780576,0.362379009839437,0.408867141272932,"Normal"
"YDR262W","YDR262W",14783.1870901089,-0.0707603811400123,0.0776525509705588,-0.9112434846711,0.362167096769038,0.408867141272932,"Normal"
"YER156C","YER156C",1110.66235899418,0.0864631089826746,0.0952643476547134,0.907612460603425,0.364083008586961,0.410649800075219,"Normal"
"TFC7","TFC7",2486.15473323042,0.0826903394555198,0.0912097283698075,0.906595611383185,0.364620683377786,0.411160803094143,"Normal"
"ATX1","ATX1",8735.29610526342,-0.0868540461035007,0.0960749985271187,-0.904023392506061,0.365982997553134,0.412601249445633,"Normal"
"HIS1","HIS1",132.471492136991,0.157891410716809,0.174918395961507,0.902657549818575,0.366707672713832,0.413322333963468,"Normal"
"APL1","APL1",1104.89873202829,0.081586994623484,0.0907913562666006,0.898620727549341,0.368854714337291,0.41564588519594,"Normal"
"IRC23","IRC23",2050.00848007382,-0.108053015991344,0.12046959254489,-0.896931862296126,0.369755276884964,0.416564083093911,"Normal"
"PPH21","PPH21",7715.99300758656,-0.0700865738245906,0.0783389942716062,-0.894657564553306,0.370970169682907,0.417835895801865,"Normal"
"ECT1","ECT1",765.043002243402,-0.0965698904578145,0.108032720508433,-0.893894831152345,0.37137816359165,0.418198492906565,"Normal"
"SPC24","SPC24",354.833348970173,-0.109752633293397,0.123195551018188,-0.890881467604248,0.372992763479374,0.419919332193299,"Normal"
"FIM1_2707","FIM1_2707",5.72571019788433,0.697954004525795,0.783905450067934,0.890354831013497,0.373275387942382,0.420140169101699,"Normal"
"HSH49","HSH49",381.200400916255,0.10544928913172,0.118667705777271,0.888609823886203,0.374212809548751,0.421097740064238,"Normal"
"PBN1","PBN1",1221.68514891518,-0.0858890141942065,0.096673719671209,-0.888442220764011,0.374302922889316,0.421101621282516,"Normal"
"PLT5","PLT5",771.261927706091,-0.126898556766456,0.142971965733926,-0.88757649875653,0.374768599851127,0.421527922841811,"Normal"
"FIM1_636","FIM1_636",653.034095517772,0.0911285094657057,0.102804648058042,0.886424020577902,0.375389080083137,0.422128104634104,"Normal"
"IRC19","IRC19",72.3422858444382,0.206020816447356,0.233672591107847,0.881664449692654,0.377958291089429,0.424918865433488,"Normal"
"YOS1","YOS1",35.7976358052454,-0.291248263925184,0.331473867382353,-0.878646230018581,0.37959312137216,0.426658102416684,"Normal"
"YAK1","YAK1",4306.2798730161,0.0673665701277225,0.0766933697845384,0.878388448923049,0.37973295076357,0.426716560536583,"Normal"
"BOR1","BOR1",2372.62234729557,0.0718977890968275,0.0819028708399499,0.877842111753643,0.380029407630354,0.426950957612922,"Normal"
"CAR1","CAR1",2589.59684366492,-0.10250636358508,0.116847482842546,-0.877266339773953,0.380341990509827,0.427203359197237,"Normal"
"PSE1","PSE1",6240.27359804016,-0.0704132078591527,0.080539752264826,-0.874266506651575,0.381973134832918,0.428936321274127,"Normal"
"NGG1","NGG1",2478.55458040146,-0.083030714061256,0.095114450157777,-0.872955832930997,0.382687151972397,0.4296388335106,"Normal"
"PAP1","PAP1",1510.48594307071,0.0835078143437996,0.0957111279711616,0.872498486998931,0.382936493203636,0.429819454949519,"Normal"
"NCE101","NCE101",155.410124780864,0.141676822878772,0.163008419649495,0.869138067735449,0.384771617185978,0.431580168030163,"Normal"
"OXR1","OXR1",1414.15529723413,-0.075576128519682,0.0869455465645791,-0.869235188067368,0.38471850445283,0.431580168030163,"Normal"
"UBP1","UBP1",10238.9400820033,-0.0638704597989798,0.0734834159568919,-0.869181963947465,0.384747610866423,0.431580168030163,"Normal"
"PCC1","PCC1",797.197525087338,0.0831799226852275,0.0957968955658911,0.868294553741719,0.385233102909139,0.43199807224452,"Normal"
"CTK2","CTK2",118.847099267673,-0.17143466624606,0.198178204451896,-0.865053080484803,0.387009655467072,0.433890151341602,"Normal"
"SOD1","SOD1",13551.6495595425,-0.0847539213237947,0.0980716075107373,-0.864204467276785,0.387475578604135,0.434312303676469,"Normal"
"CSN12","CSN12",426.845107523839,-0.119816027683802,0.138924004143073,-0.862457344379501,0.388435896281615,0.435288288752852,"Normal"
"MAD1","MAD1",610.33009901575,-0.110988801147502,0.128862946041449,-0.86129337064669,0.389076485962555,0.435905613394525,"Normal"
"BGL2","BGL2",19958.3195226011,0.0670568316379067,0.0780431486835012,0.859227655073878,0.390214928595409,0.437080299226624,"Normal"
"PAC2","PAC2",573.619096704984,-0.0983674672902299,0.11512964547303,-0.854406064450824,0.392880036916603,0.439964069918823,"Normal"
"NMA111","NMA111",1397.35396970964,-0.0803786255711208,0.0941303147869579,-0.853907965282376,0.393155985824472,0.440171644037122,"Normal"
"IMD3","IMD3",4017.98824603861,0.0705583851021808,0.0826488204679224,0.853713152864243,0.393263944611082,0.440191086584945,"Normal"
"tRNA-Trp","tRNA-Trp",3.09972754203879,0.996084463544428,1.16757650273916,0.853121368242329,0.393592002763766,0.440456826676449,"Normal"
"FIM1_4975","FIM1_4975",1354.4170966416,0.0737005290484657,0.0867081765824907,0.849983611157478,0.395334198009894,0.442304597773446,"Normal"
"FIM1_2913","FIM1_2913",7.81834224286796,0.629668703912388,0.742517616976245,0.848018537898923,0.396427646786478,0.443425859975943,"Normal"
"CSE4","CSE4",494.346392109638,0.0943528161100278,0.111332972202714,0.847483133192846,0.396725884488188,0.443657323988057,"Normal"
"SCS7","SCS7",7019.83685176746,-0.0662481874185024,0.0786040421742655,-0.842808913969461,0.399335321840864,0.446472694161242,"Normal"
"DSE2","DSE2",584.918321549042,0.105647367235537,0.126059445014065,0.83807577626373,0.401988146684087,0.449335266790425,"Normal"
"ERP3","ERP3",221.287290498796,-0.12985249419273,0.155157987006953,-0.836904994049132,0.402645972988602,0.449967061350418,"Normal"
"BOP3","BOP3",795.372068241482,0.116108205082618,0.139186624458297,0.834190824976907,0.404173460530192,0.451570210327938,"Normal"
"MRPL28","MRPL28",2236.11037416037,0.071454095803319,0.085680530426413,0.833959540723053,0.404303783458157,0.451611973292686,"Normal"
"PIR1","PIR1",213581.388580857,-0.0774442739780857,0.0929317946194615,-0.833345296894412,0.40465001662103,0.451894835844997,"Normal"
"APC11","APC11",293.602044756169,0.115452744467834,0.138685136541303,0.832481023901579,0.40513748486818,0.4523352571173,"Normal"
"ACL4","ACL4",581.506240411978,-0.0851910220743865,0.102606374792646,-0.83027026582458,0.406385995480814,0.453624983239439,"Normal"
"FYV4","FYV4",2282.33538049883,0.0712426732434258,0.0860861866615317,0.827573807207111,0.407911907032316,0.45522369229904,"Normal"
"TUP1","TUP1",5912.95275434235,0.0897174730571413,0.10856961718845,0.82635893337833,0.40860051177952,0.45588745964103,"Normal"
"AIM5","AIM5",1510.94065000851,-0.0883572978198012,0.107017790514919,-0.825631863587048,0.409012954325309,0.456242870768291,"Normal"
"ATX2","ATX2",233.378582280578,-0.127827452917214,0.155773004712735,-0.820600804054231,0.411873689547205,0.459328496100498,"Normal"
"SPT3","SPT3",2464.20507168866,-0.0689034663621833,0.0844376881634769,-0.816027390858708,0.41448446993148,0.462134015465136,"Normal"
"TAO3","TAO3",2828.25169087416,-0.0836058051812626,0.102569685546486,-0.815112230634376,0.41500807134627,0.462611658332536,"Normal"
"SAP30","SAP30",1272.36347985185,0.0844919605375011,0.103772953131875,0.814200212941116,0.415530263508094,0.463087511556383,"Normal"
"EDC3","EDC3",662.697399828787,0.0929216144626973,0.114439659039719,0.811970388957965,0.416808622700736,0.464192779670611,"Normal"
"RFA2","RFA2",1.71478079392142,1.22683376031893,1.51040578842891,0.812254408528888,0.416645665349192,0.464192779670611,"Normal"
"5_8S_rRNA","5_8S_rRNA",3.80394658536043,-0.892405924432861,1.0988394433762,-0.812134957306351,0.416714196380474,0.464192779670611,"Normal"
"ISW1","ISW1",2485.67803775082,-0.0662161065158227,0.0820050210232272,-0.80746405146421,0.419399177615542,0.466970807523813,"Normal"
"FIM1_912","FIM1_912",852.135325990197,-0.103229604531904,0.128014442569133,-0.80639029831463,0.420017839134723,0.467552504090635,"Normal"
"NUP60","NUP60",1704.81441962437,-0.0729989576462009,0.0908217236777055,-0.803760980195098,0.421535028764912,0.469133922301582,"Normal"
"PPH3","PPH3",308.34933784791,-0.122253975207148,0.152346142626378,-0.802475028901589,0.422278227427489,0.469853425021792,"Normal"
"PEX25","PEX25",501.731917668263,0.0878441045279562,0.109523733516422,0.802055424039987,0.422520898608075,0.470015807311501,"Normal"
"TIM17","TIM17",5380.0379674775,-0.0734172921006703,0.0917450608130456,-0.800231548707315,0.423576654183505,0.471082390175705,"Normal"
"SOH1","SOH1",657.225911265708,-0.0905875438279224,0.113247782866358,-0.799905671750088,0.423765451423235,0.471184514522998,"Normal"
"FIM1_1502","FIM1_1502",123.919478848542,-0.160317593495803,0.20085437115995,-0.798178265028319,0.42476704854518,0.472082133778827,"Normal"
"FIM1_3385","FIM1_3385",106.073413847205,0.174732144662313,0.218882246821243,0.798292904974672,0.424700534379806,0.472082133778827,"Normal"
"MAK31","MAK31",264.393789085586,-0.109088738824869,0.136757740954283,-0.797678713202323,0.425056959857077,0.472296310986859,"Normal"
"TSR2","TSR2",438.033140539859,-0.0891331302272956,0.112212787865336,-0.794322393400141,0.427007770716886,0.474355454484076,"Normal"
"FIM1_3193","FIM1_3193",78.1649487897627,0.196402951459693,0.24836792873849,0.790774205257751,0.429075764891395,0.476543803795951,"Normal"
"AGA2","AGA2",8.32830354123755,0.539662926428501,0.682869772518391,0.79028674008845,0.429360328915724,0.47675087710272,"Normal"
"MSS2","MSS2",713.938102572608,0.0798865053063122,0.10167518212878,0.785703095226612,0.432041449467263,0.479618323728908,"Normal"
"CYC2","CYC2",1122.69031084451,-0.0719951774517522,0.0917489333516096,-0.784697705158543,0.432630828602456,0.480162904563575,"Normal"
"OPY2","OPY2",13710.2948456227,0.0733798021076961,0.09365862125115,0.783481553832879,0.433344381698385,0.480845021848013,"Normal"
"FIM1_4700","FIM1_4700",10.1473397630859,-0.461817307208271,0.590213982307364,-0.782457415534036,0.433945802511311,0.481402432511977,"Normal"
"DHH1","DHH1",3843.84634083638,-0.11630379752591,0.148716848370086,-0.78204856275924,0.4341860342181,0.481558991158582,"Normal"
"MRH4","MRH4",1036.48634342416,-0.0810294445530063,0.103821030230503,-0.780472360687474,0.435112890143141,0.482476844638412,"Normal"
"RPC37","RPC37",540.893472319763,-0.0938504796757523,0.120368355909709,-0.779693956658773,0.435571036860652,0.482874667603447,"Normal"
"SWC5","SWC5",965.817956647395,0.0848058796615586,0.10922890853957,0.776405081726477,0.437509845115639,0.484913398133415,"Normal"
"FIM1_3289","FIM1_3289",12.0009234279675,-0.429194705722094,0.55292151400333,-0.776230793796729,0.437612727102927,0.484916816646094,"Normal"
"REX4","REX4",90.9471167585223,-0.178876537791684,0.231333784945008,-0.77324000830318,0.439380352544238,0.486764508210773,"Normal"
"YOR020W-A","YOR020W-A",4245.67625495672,-0.0634392602031233,0.082360856381858,-0.770259841750472,0.441145772704931,0.488608914878792,"Normal"
"BUD17","BUD17",1245.88114245801,-0.0672115720999161,0.0873941886469479,-0.769062258492212,0.441856351903822,0.4892844152007,"Normal"
"FMP27","FMP27",5239.59828564292,-0.115448650109716,0.150345429715082,-0.767889322133046,0.442552941690504,0.489944120226512,"Normal"
"DAD4","DAD4",787.143245686178,-0.0909791617031929,0.1185293160425,-0.767566748386295,0.442744623596728,0.490044675639294,"Normal"
"FIM1_254","FIM1_254",840.939689538787,0.0754496484378793,0.0984455199325559,0.766410177827992,0.443432278737339,0.490582295624939,"Normal"
"SNC2","SNC2",800.779921090453,-0.0736267262970802,0.0960536053870383,-0.766517050561598,0.443368710487316,0.490582295624939,"Normal"
"YMR111C","YMR111C",1812.86991687935,-0.0708168525456416,0.0924422374626482,-0.766065972540481,0.443637048552785,0.490689940121867,"Normal"
"STH1","STH1",2813.11175054355,0.0839699679382383,0.109634656804594,0.765907153683175,0.443731549062664,0.490689940121867,"Normal"
"RSC9","RSC9",687.19360696094,-0.0803611807836175,0.10519448560439,-0.763929594996413,0.444909199875462,0.491880273536944,"Normal"
"TAF2","TAF2",1364.55771465721,0.0964614506206336,0.126518753420453,0.762428082895101,0.445804550664814,0.492758032684334,"Normal"
"RPS11B","RPS11B",58.6758644531956,0.200487253211029,0.26332626758233,0.761364428439886,0.446439427825474,0.493347550558102,"Normal"
"YMR295C","YMR295C",6688.01558865652,0.0609937283516559,0.0802152406639027,0.760375806976834,0.447029980286495,0.493887829516161,"Normal"
"HOG1","HOG1",3034.82471606071,0.0638110175790863,0.0841451562570166,0.758344513428428,0.448244765708992,0.495117371352579,"Normal"
"YEL1","YEL1",860.318972228858,0.0794672856975769,0.105313286981639,0.75457986333132,0.450501109687516,0.497496566357191,"Normal"
"HYM1","HYM1",1258.83173300897,-0.0706565789511813,0.0939671221346396,-0.751928731518902,0.452093918728983,0.499142092957084,"Normal"
"MCP2","MCP2",4726.38421692613,0.0764660092254909,0.102006388150829,0.749619809226323,0.453483716743888,0.500335463137728,"Normal"
"FIM1_3515","FIM1_3515",1.62254083622393,-1.1399611516009,1.52034568468177,-0.74980391833684,0.453372808494082,0.500335463137728,"Normal"
"FBP1","FBP1",42441.7936978177,0.060707097710036,0.080973172530817,0.749718651408056,0.453424171815653,0.500335463137728,"Normal"
"TUM1","TUM1",1312.84978314205,0.0652974795471967,0.0875209990200864,0.746077858780048,0.455620383505409,0.502578761283266,"Normal"
"YFR045W","YFR045W",2114.94788721077,-0.0673801664122665,0.0908229453586228,-0.741884841393436,0.458157110868109,0.505262233705888,"Normal"
"NDC1","NDC1",859.186452290782,0.0704447711620759,0.0951123338736569,0.740648118840735,0.458906824026688,0.50585940516009,"Normal"
"IST3","IST3",100.843968296536,0.148186381214036,0.200074956827425,0.740654320579731,0.458903062758183,0.50585940516009,"Normal"
"BDH1","BDH1",69490.7860447529,-0.068081649583636,0.0921690552862203,-0.73866059896368,0.460113116828028,0.507074083617008,"Normal"
"HIR1","HIR1",767.501191039232,-0.0915119719309015,0.124083540191352,-0.737502909650858,0.460816574431569,0.507734180309069,"Normal"
"FIM1_3420","FIM1_3420",1205.97814838392,0.0649642071937034,0.0883217685002366,0.735540153880969,0.462010594808968,0.508934364129852,"Normal"
"CTF8","CTF8",156.531231172109,-0.146176806271367,0.199181268439207,-0.733888319001152,0.463016806832894,0.509927167815283,"Normal"
"RPL21A","RPL21A",46.2035521801767,-0.210700739939259,0.288167975732361,-0.731173335287436,0.464673284984882,0.511635506852831,"Normal"
"RCK2","RCK2",3693.66478737384,-0.0619704880046917,0.0849076701041259,-0.72985736069185,0.465477378105643,0.512404753107231,"Normal"
"HFI1","HFI1",409.494379973905,0.0995262792649693,0.13644849836384,0.729405456699,0.465753680914866,0.512592782687505,"Normal"
"FIM1_5209","FIM1_5209",116.45584599084,0.14110675585268,0.194861583364789,0.724138403353328,0.468980769782896,0.516027527258853,"Normal"
"THP3","THP3",1557.47809944161,0.0617157583425822,0.0854895658155195,0.721909834888628,0.470349914218827,0.51741685152576,"Normal"
"VPS8","VPS8",1258.88527247762,-0.0734613810118633,0.101979983132849,-0.720350982174268,0.471308922256223,0.518354471082614,"Normal"
"BUD22","BUD22",314.897556734144,0.0984201992636555,0.137043463621815,0.71816777438766,0.472653845282502,0.519716006840389,"Normal"
"TSC11","TSC11",2376.88125873626,-0.0599139920353053,0.0837258332544018,-0.715597441153629,0.474239954097292,0.521342067185236,"Normal"
"FIM1_2038","FIM1_2038",2198.22368172276,0.0652637101642274,0.0912453753405363,0.71525499150677,0.474451494485254,0.521456641416839,"Normal"
"RPS19A","RPS19A",81.0235742035632,-0.169918865654379,0.237828680808973,-0.714459101721461,0.474943337235209,0.521879166808204,"Normal"
"CTF3","CTF3",1636.80304604679,0.0701551022714616,0.0982322038975347,0.714176201774317,0.4751182307118,0.521953308394447,"Normal"
"MFA1","MFA1",7.81387861728067,0.510456154967067,0.716420293674248,0.71250934608389,0.476149426064076,0.522967916194698,"Normal"
"RPL6B","RPL6B",86.4269969405559,-0.16018629548787,0.224966434627252,-0.71204531357437,0.476436716523878,0.523165199003282,"Normal"
"SSL1","SSL1",1663.71805839527,-0.100127639952288,0.141333535944228,-0.708449267071333,0.478666306769087,0.525494709577721,"Normal"
"HEM4","HEM4",441.213982306914,0.0811324162768107,0.114671648159443,0.707519405005864,0.47924375799284,0.525934752567099,"Normal"
"TEM1","TEM1",819.815179808353,0.0817915695862621,0.115613771996263,0.707455246671699,0.479283614811096,0.525934752567099,"Normal"
"YPL245W","YPL245W",428.086586643498,-0.113425462087291,0.160522442613534,-0.706601894666955,0.479813911193026,0.526397786066135,"Normal"
"FIM1_3342","FIM1_3342",1751.04444311096,0.0589904055246329,0.0841880517386399,0.700698071832894,0.483491459626881,0.530312641608807,"Normal"
"TIM11","TIM11",4944.94593377956,0.0716776172201229,0.102379051408986,0.700119958464779,0.483852392586643,0.530588755490521,"Normal"
"DBP6","DBP6",679.513787422665,0.0693477950018773,0.099259808309653,0.69864929403791,0.484771229588849,0.531476399948605,"Normal"
"AGC1","AGC1",7460.0177425617,-0.0500137855852071,0.0716350906612618,-0.698174388048247,0.485068141636958,0.53168195357861,"Normal"
"SCH9","SCH9",3565.35358323401,0.0705872598734712,0.1011705037114,0.697705924988066,0.485361122022489,0.531883105978186,"Normal"
"NBP2","NBP2",1890.26726211164,-0.060639261539841,0.0871932273459083,-0.695458390354978,0.486768078837444,0.533304643758994,"Normal"
"FIM1_103","FIM1_103",2738.81712659789,-0.0620692491149105,0.0897802881505871,-0.691346067087719,0.489348088377847,0.53601045117853,"Normal"
"HYR1","HYR1",11698.4673177752,-0.0634681748770684,0.0919848343704478,-0.689985205838007,0.490203490901844,0.536826405745336,"Normal"
"MAS2","MAS2",4442.82055450415,-0.0564348638902554,0.081949460327667,-0.688654491007092,0.49104072123836,0.537622096551868,"Normal"
"POM33","POM33",1804.55998588935,-0.0625054674396296,0.0911741853134132,-0.685561019544795,0.492989969544222,0.539634661413691,"Normal"
"TOM70","TOM70",6655.27623357329,-0.0756882892850128,0.110534732127531,-0.684746665850568,0.493503795974444,0.540075437981942,"Normal"
"ATG4","ATG4",3419.10929488775,-0.0555902514135944,0.0813573694695084,-0.683284769112758,0.494426916546083,0.540963834158391,"Normal"
"MNL1","MNL1",877.96599970109,0.0863200848061257,0.126453974840363,0.682620573335848,0.494846630498151,0.541301165598946,"Normal"
"SDS3","SDS3",2073.40866718016,-0.0695030129585043,0.101989352371518,-0.681473225806204,0.495572102654305,0.541972731667177,"Normal"
"TAF3","TAF3",657.22321525929,-0.0698674927844712,0.102633791250312,-0.680745512109871,0.496032532889311,0.542354202814843,"Normal"
"SEC22","SEC22",1558.85204163188,-0.0644662193873305,0.0949610345362817,-0.678870230322732,0.497220089742635,0.54353035231934,"Normal"
"SNU23","SNU23",310.119867036957,0.0942606051647054,0.138888182962524,0.678679806691255,0.497340763672455,0.54353998440946,"Normal"
"DBF4","DBF4",2019.37459902582,-0.0737739420601026,0.108920235242171,-0.677320810922554,0.498202429648701,0.54435925470273,"Normal"
"GCN3","GCN3",656.539944831817,-0.0791153288226801,0.117285361583297,-0.674554162213089,0.499959063629272,0.546155820632786,"Normal"
"YNL190W","YNL190W",15124.2914281601,0.0511183027784023,0.0758398754322245,0.67402936103297,0.500292647205562,0.546397386552445,"Normal"
"OCA2","OCA2",194.252644645963,0.127051251410622,0.188758501995101,0.673088894368951,0.500890738782623,0.546927662863993,"Normal"
"MEF1","MEF1",9639.32794605455,-0.0568865191129211,0.0849524647366236,-0.66962764752365,0.503095184921698,0.549211301625372,"Normal"
"FIM1_3543","FIM1_3543",167.208512335043,-0.136595030688324,0.205713229162969,-0.664007031750554,0.50668581056131,0.5530068179509,"Normal"
"MTC5","MTC5",721.898226420345,-0.0690967452674082,0.104196970403498,-0.663135837825557,0.507243559931199,0.553491232361486,"Normal"
"DIF1","DIF1",8231.52045946775,0.0570198526369975,0.0860688420593529,0.662491225310975,0.507656456503989,0.553817405063512,"Normal"
"TFA1","TFA1",1406.87477745142,-0.0590090826760897,0.0891902476850116,-0.661609135614119,0.508221751186061,0.554309649610117,"Normal"
"SRC1","SRC1",1047.38192552272,0.0906128696162504,0.137148378318142,0.660692242427076,0.508809699766267,0.554741085650984,"Normal"
"DAK1","DAK1",22159.2393431118,0.0722091708460163,0.109302474465446,0.660636195101363,0.508845651110606,0.554741085650984,"Normal"
"RTP1","RTP1",1224.98309692733,0.0594493486471177,0.0905541138075108,0.656506326962551,0.511498398014943,0.557508011654241,"Normal"
"DCW1","DCW1",6743.98009797157,-0.0553508942613285,0.0844045853192521,-0.655780655185605,0.51196526496294,0.557891729637795,"Normal"
"RPS16","RPS16",37.5356823870288,0.206574389969319,0.315428664608613,0.654900499374837,0.512531818704726,0.558383880512615,"Normal"
"TIM9","TIM9",3507.64276148344,-0.0566992660011584,0.0867776311823178,-0.653385731191885,0.513507635322082,0.559196234878977,"Normal"
"CTM1","CTM1",813.755464565351,0.067272113522833,0.102935660665775,0.653535549174359,0.513411079206324,0.559196234878977,"Normal"
"MRPL37","MRPL37",2015.63258409697,-0.0714536877131733,0.109762973704174,-0.650981704502201,0.515058297152045,0.560759190199818,"Normal"
"SKG6","SKG6",2241.94520594117,0.0577897092152436,0.0891810364813417,0.648004458070346,0.516982066877369,0.562727567866742,"Normal"
"GLC3","GLC3",23083.4835932855,0.0568788331988011,0.0883658716587273,0.643674216426785,0.519786712839958,0.565653670255175,"Normal"
"PFK26","PFK26",6864.73068092912,-0.0572159194122516,0.0895215315918618,-0.6391302560942,0.522738198562666,0.568738223648902,"Normal"
"YMR099C","YMR099C",3376.3649147558,0.0564170517318384,0.0883958075499509,0.638232211408421,0.523322531896317,0.569246514995345,"Normal"
"APM3","APM3",1964.95205771959,-0.0519880373988729,0.0817399759836357,-0.63601728252625,0.524765157587582,0.570687981360354,"Normal"
"HPR1","HPR1",334.044988238858,0.0940951519479997,0.148367206315471,0.63420451381909,0.52594736217305,0.571717725458355,"Normal"
"YBR287W","YBR287W",13116.9725387526,0.0508517373692879,0.0801650472968584,0.634338019922565,0.525860249199516,0.571717725458355,"Normal"
"DST1","DST1",1133.67310542421,0.0602461617077822,0.0950593832294319,0.633773959614005,0.526228349816384,0.571895225175087,"Normal"
"FIM1_4089","FIM1_4089",1544.02147859214,-0.0735320861832384,0.116224650241112,-0.632672036703865,0.526947834304698,0.572549089196451,"Normal"
"FAR1","FAR1",163.647490523668,-0.112304798443369,0.17798332369156,-0.630984949117987,0.528050365556474,0.573618762852428,"Normal"
"CHM7","CHM7",1672.66919012186,-0.0576121325756335,0.0914698383089989,-0.629848413867432,0.528793766612465,0.574297923998651,"Normal"
"SCP1","SCP1",1747.29451780859,-0.0567491232215395,0.0902827917547095,-0.628570762141715,0.529630106702111,0.575077695746494,"Normal"
"FAA1","FAA1",18708.9734803129,0.0578271248197221,0.0922076750706737,0.627140037696426,0.530567444375205,0.575966758762091,"Normal"
"PCL2","PCL2",836.492685694724,-0.0671926048013214,0.107469489158408,-0.62522493898041,0.531823436088395,0.577201267802884,"Normal"
"IMP1","IMP1",889.236057851547,0.0622226723427324,0.0997495715821985,0.623788868019928,0.532766251316041,0.578095403114034,"Normal"
"GLC8","GLC8",3064.45253786071,0.0545606621533812,0.0875679449290105,0.623066604995839,0.533240753838745,0.57848109464221,"Normal"
"PRP5","PRP5",1082.0844188436,0.0626910483200887,0.100857465496699,0.62158064364745,0.534217652047174,0.579411511450272,"Normal"
"VTC4","VTC4",5807.19924842766,-0.051551018146931,0.0832925196854341,-0.618915340076404,0.535972132265218,0.581184688836575,"Normal"
"PGC1","PGC1",7182.96246247102,0.0503538971399169,0.0814306197497179,0.618365638069349,0.536334343273663,0.581447696110381,"Normal"
"ATG20","ATG20",6241.09772908434,-0.0599759961514624,0.0971666907305612,-0.617248521077795,0.537070816109387,0.582116238116331,"Normal"
"PRS3","PRS3",4519.94584221121,-0.0453010418668882,0.0735618113089999,-0.615822817040203,0.538011466472242,0.583005734966241,"Normal"
"PRC1","PRC1",72902.4742946204,0.0531940371684974,0.086558130188218,0.614546976151502,0.538853940755514,0.58378847227002,"Normal"
"TAF4","TAF4",2252.24842795071,0.0518106058247895,0.0845016899446044,0.613131001980603,0.539789722692697,0.58467192656349,"Normal"
"LSM6","LSM6",1013.7905699246,0.0598060103328135,0.0976521979146516,0.612438957954476,0.54024737305625,0.585037215440231,"Normal"
"MDS3","MDS3",4433.53403234756,-0.0508119644672842,0.0830143802730507,-0.612086295171434,0.540480664427731,0.585159435930113,"Normal"
"LGE1","LGE1",520.755415904758,0.074199802943048,0.122238779885248,0.607007064474165,0.54384622388477,0.588282857885085,"Normal"
"ESP1","ESP1",872.273928896049,0.0643828631775991,0.106003917141507,0.60736305708074,0.543609999589445,0.588282857885085,"Normal"
"PHB1","PHB1",18612.8196420573,0.0563200505413031,0.0927802866101006,0.607026046146874,0.543833627019215,0.588282857885085,"Normal"
"mtr","mtr",6609.79717625216,-0.0477474923897952,0.0786612369011351,-0.607001545752532,0.543849886318131,0.588282857885085,"Normal"
"SGF29","SGF29",76.4715081545868,0.138846826077124,0.229153298533288,0.60591240434165,0.544572921985358,0.588933858875329,"Normal"
"CMS1","CMS1",250.035864685271,-0.0991228715973208,0.163931453980181,-0.604660479674051,0.545404612295163,0.589702049653359,"Normal"
"FRS2","FRS2",2346.02084266843,-0.0479378680603161,0.0794739313784431,-0.603189841358711,0.546382404916571,0.590627832144521,"Normal"
"LCB2","LCB2",2447.60340747183,-0.0477747674474092,0.0796092344703673,-0.600115900689791,0.548428996263314,0.592708294671585,"Normal"
"SRB6","SRB6",598.287166956536,0.0671109882889371,0.112696177580841,0.595503678381601,0.551506841054398,0.59590209932918,"Normal"
"YIG1","YIG1",35813.3775875417,0.0537819462349425,0.0905733345019096,0.5937944819047,0.552649580232283,0.597004070775603,"Normal"
"NNF2","NNF2",2188.84198176689,0.0574565063692358,0.0972832165052879,0.590610677085423,0.55478130924003,0.599173678950279,"Normal"
"PET100","PET100",5187.15627223452,0.0498126378703809,0.0844153700046322,0.590089670490664,0.555130533633107,0.599417613982948,"Normal"
"NHP2","NHP2",778.216589795524,0.0702453146917079,0.119133199255195,0.589636769018814,0.555434195236044,0.599612253866238,"Normal"
"PRY2","PRY2",11840.5407731556,0.0545201914297875,0.0925371223825996,0.589171027000072,0.555746550759379,0.599682986928675,"Normal"
"TRP4","TRP4",598.786565387634,-0.0621604355325702,0.105489573234457,-0.589256678424652,0.555689101160496,0.599682986928675,"Normal"
"SKO1","SKO1",3532.34365971044,0.0503790373459138,0.0856357290344535,0.588294604529436,0.556334566495329,0.600013359356284,"Normal"
"YLR363W-A","YLR363W-A",317.488528105801,-0.0919336620760625,0.156306547716296,-0.588162578082951,0.556423172928466,0.600013359356284,"Normal"
"FIM1_4426","FIM1_4426",455.995319299281,0.0767372479268062,0.130396639858647,0.588490991869048,0.556202778500005,0.600013359356284,"Normal"
"RTK1","RTK1",14445.6538271181,-0.0483258579881228,0.0824084704354627,-0.586418577274392,0.557594263283401,0.600802636873431,"Normal"
"NOP53","NOP53",468.65834309047,0.0748971732348183,0.127696347806608,0.586525570396481,0.557522383255275,0.600802636873431,"Normal"
"SSK2","SSK2",2403.93099466625,0.0554966292590353,0.0945655980610832,0.586858544723507,0.55729871359105,0.600802636873431,"Normal"
"TPT1","TPT1",309.448122215819,-0.0804439238378438,0.137197639209186,-0.586336064538182,0.55764969999983,0.600802636873431,"Normal"
"RKM2","RKM2",758.117682037304,0.0553002490730823,0.094764436449688,0.583554877176335,0.55951982594414,0.602683847098775,"Normal"
"MRP21","MRP21",1263.42684735716,-0.0649720344895559,0.11150246251244,-0.582695960479861,0.560097993051506,0.603041680529112,"Normal"
"ATG9","ATG9",2220.63627845923,-0.0534837678824685,0.0917872765387361,-0.582692611648601,0.56010024783451,0.603041680529112,"Normal"
"GAL10","GAL10",86845.2772496245,0.141731559105513,0.24539524239585,0.577564412911007,0.56355823905803,0.60663036853854,"Normal"
"ATG5","ATG5",337.121003325967,0.0730583817799368,0.126574201059446,0.577198048009995,0.563805675546049,0.606762298444795,"Normal"
"RED1","RED1",47.7445534086579,0.16618402574921,0.288457432924664,0.576112822139037,0.564538925239294,0.607416881695689,"Normal"
"SLP1","SLP1",828.89875045006,-0.0592053370945205,0.1028770670228,-0.575495966281769,0.564955917917958,0.607730973027088,"Normal"
"HMG1","HMG1",2172.36836006267,-0.0569029275387358,0.0992797844324002,-0.573157243078837,0.566538231567165,0.609298199908113,"Normal"
"VMS1","VMS1",570.276212124478,0.0628768635837058,0.110003250653903,0.571590959448386,0.567599121612996,0.61016905573397,"Normal"
"SKI6","SKI6",369.108393441342,0.0677799387662801,0.118556363683372,0.571710675500303,0.567518000843703,0.61016905573397,"Normal"
"THI2","THI2",256.633368832662,-0.0856354912902877,0.150096672437193,-0.570535574838416,0.568314500652371,0.610802954804218,"Normal"
"CBS2","CBS2",632.155946281434,0.0567776363351878,0.100382152065367,0.565614854503369,0.571655627630336,0.614258004125565,"Normal"
"YNR040W","YNR040W",2396.20376114907,0.050815862354367,0.0898857675077653,0.56533824834924,0.571843717795213,0.614324259289617,"Normal"
"FMC1","FMC1",1557.30768411945,0.0506811957314083,0.0897310858070326,0.564812018884945,0.572201631191635,0.614572883722404,"Normal"
"KAR3","KAR3",456.316121179283,-0.069357512245567,0.123059051124528,-0.563611628821852,0.573018470957715,0.615314198979788,"Normal"
"APL6","APL6",1317.12685597059,-0.0564343288617799,0.101395515740233,-0.556576180413738,0.577817031899109,0.620329862571315,"Normal"
"AIM18","AIM18",4491.65520739717,-0.0464898167093668,0.0839380228509882,-0.553858848830622,0.579675449834517,0.622187543791897,"Normal"
"MPS3","MPS3",918.348369397176,0.0707951499646438,0.1281831019327,0.552297057078659,0.580744846565772,0.623197705270116,"Normal"
"FIM1_2683","FIM1_2683",31745.4518675863,-0.0429078065820009,0.0778725032237556,-0.551000735891478,0.58163317010443,0.624013153794971,"Normal"
"RTT102","RTT102",320.285698271941,-0.0762498263975177,0.138733437488222,-0.549613905472434,0.582584219180734,0.624895523399379,"Normal"
"UTP23","UTP23",2296.27121847209,0.0520142303053658,0.095314216398577,0.545713244788763,0.585263066112597,0.627630377011942,"Normal"
"GPI18","GPI18",415.207979408937,-0.0666517661969994,0.122207475374457,-0.545398438129675,0.585479514413948,0.627723954222722,"Normal"
"KHA1","KHA1",4391.12216393096,-0.0482956672927797,0.0886669066487369,-0.544686502756975,0.585969149369028,0.628110323579111,"Normal"
"5S_rRNA","5S_rRNA",0.618914195912218,-1.32737184905833,2.44477225618851,-0.542942945175495,0.587169086235466,0.629257739307042,"Normal"
"IXR1","IXR1",3312.13757038218,-0.0464465032243544,0.085812444851777,-0.541256029991699,0.588331122843609,0.630364040991641,"Normal"
"FIR1","FIR1",408.077941175617,-0.0669796856925581,0.124397082688563,-0.538434537570679,0.590277087690642,0.632309605178313,"Normal"
"RSM22","RSM22",1484.54965787255,-0.0525605676868829,0.0977650819957316,-0.537621066887436,0.59083868303234,0.632771690732674,"Normal"
"YAP3","YAP3",5584.76420350801,-0.0514720520701239,0.0957761272826413,-0.537420477633499,0.590977201500429,0.632780568993077,"Normal"
"18S_rRNA","18S_rRNA",997.877878956911,-0.0631431911411216,0.117713811207026,-0.536412766638489,0.591673310031692,0.633386343565541,"Normal"
"DBP5","DBP5",1947.77434028629,0.0452800320088694,0.0846318450296655,0.535023571718159,0.59263355773547,0.634274550008073,"Normal"
"FIM1_910","FIM1_910",4146.49398291897,-0.0417932767116197,0.0787848459384774,-0.530473547466931,0.595783644757776,0.637505556018065,"Normal"
"AIM29","AIM29",1206.11912629141,0.0452265220990782,0.0853367727261562,0.529976944923955,0.596127915788769,0.637733496877505,"Normal"
"HIP1","HIP1",13.4875668384383,-0.273509755701515,0.516582392812936,-0.529460081308963,0.596486329101997,0.637976463373675,"Normal"
"OST5","OST5",1.82066688711765,-0.788744611580852,1.49198575709825,-0.528654250101471,0.597045319438656,0.638433804390939,"Normal"
"VPS5","VPS5",2837.55697119006,-0.0506333095284321,0.0964100335640082,-0.525187137237286,0.599453105784884,0.640867467768702,"Normal"
"tRNA-Arg","tRNA-Arg",24.4816107324951,-0.197829434156875,0.377089488564213,-0.524621980077249,0.599846003806686,0.641146443576042,"Normal"
"YML079W","YML079W",319.184273020342,-0.0657978487006476,0.126244141626395,-0.521195263819597,0.602230753150178,0.643553822202928,"Normal"
"MRPL50","MRPL50",1984.30232739528,0.0436713989009007,0.0838575714159386,0.520780630341511,0.602519597905884,0.64372091605644,"Normal"
"CRH1","CRH1",2094.45674506721,0.0466380093961599,0.0897598544202115,0.519586508884292,0.603351803187179,0.644455734086346,"Normal"
"FLC1","FLC1",6738.95537969143,0.0387387034422871,0.0745816729473047,0.519413173658061,0.603472646654224,0.644455734086346,"Normal"
"SPT4","SPT4",518.738901995662,0.0606597735534208,0.117861424737975,0.514670289183056,0.606783438450873,0.6478489842744,"Normal"
"CAB5","CAB5",2376.39737846178,0.0444472058558337,0.0872734370608927,0.509286758407622,0.610551238119345,0.651728573379151,"Normal"
"ATP2","ATP2",95266.5922142907,-0.0385359432297298,0.0758148970560352,-0.508289857615287,0.611250081813913,0.65233124259473,"Normal"
"GLO1","GLO1",13528.8306240609,-0.0537728848156319,0.105876717504863,-0.507882054552379,0.611536060516553,0.652493130884921,"Normal"
"MRP13","MRP13",1452.14512564248,0.0599637736827791,0.118151516269884,0.507515904796419,0.611792879613788,0.652623842380548,"Normal"
"SEC15","SEC15",1008.86097064603,-0.0501828508327485,0.0990799490836083,-0.506488460045552,0.612513788806226,0.653249451231223,"Normal"
"ATG3","ATG3",9431.67024752824,0.0362868839593569,0.0717586411016496,0.505679642232282,0.613081561859882,0.653711500784983,"Normal"
"YKR023W","YKR023W",1128.48343081052,0.046021923529534,0.0914527471641769,0.503231723011174,0.614801363673491,0.655401453727401,"Normal"
"CDH1","CDH1",1154.69092072783,0.0460882934397737,0.091671541860319,0.50275464451115,0.615136785397064,0.655615187594722,"Normal"
"RPC31","RPC31",527.454666734447,-0.05708169471282,0.113911776728469,-0.501104419158395,0.616297636901087,0.656606239561907,"Normal"
"RRN11","RRN11",223.50772230707,-0.0951522577410804,0.189906240313727,-0.501048610008223,0.616336912665539,0.656606239561907,"Normal"
"FIM1_2717","FIM1_2717",13.0960803691068,0.262992316430819,0.526354086276653,0.499649044792614,0.61732221744957,0.657511761198479,"Normal"
"ATP14","ATP14",9367.46045232323,-0.0386278962287922,0.0774260361411978,-0.498900604421342,0.617849408227757,0.657929054257872,"Normal"
"CAF16","CAF16",582.667376705351,0.0548176587017989,0.110732494904447,0.495045819649436,0.620567777501907,0.660678972585839,"Normal"
"DYN1","DYN1",4251.77116913183,-0.0592466785752901,0.119793314472413,-0.494574165814019,0.620900741873778,0.660888653836734,"Normal"
"APL5","APL5",2243.57144870202,0.0587953949275207,0.119036087589125,0.493929161469621,0.621356208904207,0.66122860689127,"Normal"
"SPC97","SPC97",1791.92478686553,0.0627037474643493,0.12765185965903,0.491209040211689,0.623278605652096,0.662767582621913,"Normal"
"MRPL33","MRPL33",1510.62167630593,-0.0452984881399807,0.0922527738196332,-0.491025757431917,0.623408230008492,0.662767582621913,"Normal"
"MVP1","MVP1",2115.13294300636,0.0445549499821015,0.0907039287545029,0.491213011320523,0.623275797266295,0.662767582621913,"Normal"
"YOR131C","YOR131C",381.604300852775,0.0590632415259612,0.120203277817753,0.491361322238734,0.623170915049529,0.662767582621913,"Normal"
"VMA22","VMA22",449.864654062047,0.0560729656247701,0.114310413738399,0.490532435243335,0.623757183644785,0.662767582621913,"Normal"
"FIM1_2725","FIM1_2725",1.29334275067334,0.866391898912515,1.76602317481742,0.490589201357499,0.623717025581264,0.662767582621913,"Normal"
"ISA2","ISA2",2179.25480026149,-0.0428068063824431,0.087256458133578,-0.490586110164036,0.623719212356085,0.662767582621913,"Normal"
"SEN1","SEN1",1158.67976103063,0.054193844190409,0.110975881676044,0.488338937901926,0.625309785405216,0.664272026078694,"Normal"
"FRA2","FRA2",729.002830872296,0.0468850301403897,0.0961549476276917,0.487598727856695,0.625834096829985,0.664683688851781,"Normal"
"PAM16","PAM16",3205.07662390788,0.0457414129425392,0.0940615747116021,0.486292230199046,0.626759987291399,0.665521586155792,"Normal"
"IML2","IML2",5735.59825030309,-0.036489616571443,0.0752786861251209,-0.484727064853303,0.627869965331089,0.666554546983562,"Normal"
"MBA1","MBA1",1865.9402537393,0.0423445869378305,0.0874764013912452,0.484068688976368,0.628337121678059,0.666904778120072,"Normal"
"SRT1","SRT1",1372.05521993659,0.135731838585958,0.282642353661001,0.480224696786789,0.631067627616142,0.669510393577911,"Normal"
"PTH2","PTH2",1311.72155137324,0.0476672223102293,0.0992310473064081,0.480366010478971,0.630967158636473,0.669510393577911,"Normal"
"SSN8","SSN8",827.869560980285,-0.0472154941125836,0.0985737123254946,-0.47898666894756,0.631948112476057,0.670298161650548,"Normal"
"YAP1","YAP1",23386.6092917632,0.0533133583926975,0.112396356821283,0.474333509559113,0.635262099346287,0.67366620268957,"Normal"
"SET5","SET5",1685.05544069064,-0.0405352661968461,0.0858062436955897,-0.472404622915915,0.63663800525694,0.674977976771432,"Normal"
"SIT1","SIT1",1.75814136171802,-0.687204696783775,1.45689815796843,-0.471690277748754,0.637147877660884,0.675371190565933,"Normal"
"NMA1","NMA1",3141.28461480607,0.0389766371740769,0.0842515400039301,0.462622252035496,0.643635155796747,0.682098848858538,"Normal"
"ENT5","ENT5",6852.22268064719,0.0374953041796521,0.08138302549794,0.460726348648726,0.644994948679287,0.683241869551484,"Normal"
"SDH4","SDH4",25279.799189904,0.0363027618074335,0.078765514332862,0.460896651471334,0.644872754282978,0.683241869551484,"Normal"
"SDO1","SDO1",1512.91460170306,0.0395945693196284,0.0859929653483262,0.460439632000655,0.645200693103276,0.683310847382044,"Normal"
"YBP1","YBP1",3711.09656189583,0.0423742631161567,0.0922119209531489,0.459531291379195,0.645852686705795,0.683852300000754,"Normal"
"LHP1","LHP1",1363.22141099339,0.051956826778264,0.113288570771908,0.458623728980325,0.646504393567981,0.684393213147455,"Normal"
"FIM1_3380","FIM1_3380",544.299809094464,0.0512998488181615,0.112039511887489,0.457872833913068,0.647043805107133,0.684815040081803,"Normal"
"FIM1_5070","FIM1_5070",30.276994009041,-0.166810170159508,0.366011678831222,-0.455750949511172,0.648569079783349,0.686279869047755,"Normal"
"RBG1","RBG1",1376.39791791545,0.0404206529260138,0.0888492659812538,0.454935136262601,0.649155904078825,0.6867512601609,"Normal"
"AFG2","AFG2",2075.45782633346,-0.036383809702436,0.0800668405376472,-0.454417952027574,0.64952803376924,0.686995367018881,"Normal"
"GCN5","GCN5",778.891619939264,-0.0510552142235408,0.11249671644455,-0.453837372655281,0.649945882380145,0.687287713272062,"Normal"
"TPO3","TPO3",32152.7079043664,0.0454290154734938,0.100580800434097,0.451666871584103,0.651508987490882,0.688790724590556,"Normal"
"YCS4","YCS4",1066.62358235148,-0.0398954957388412,0.0892116890483152,-0.447200318303968,0.654730431595766,0.69204593585465,"Normal"
"PRB1","PRB1",60484.2909798139,0.0452397679855806,0.101309539282687,0.446549933065502,0.655200052041491,0.692391703538409,"Normal"
"ATG21","ATG21",1689.35032166274,0.0370233907248022,0.0831408259477432,0.445309392861608,0.656096180862297,0.693187941467689,"Normal"
"CHS7","CHS7",886.250263646358,0.0464212363759697,0.104358319493929,0.444825449481008,0.656445901288314,0.693406659643461,"Normal"
"RPB3","RPB3",1278.45023110609,-0.0449611418825306,0.101398914711007,-0.443408511922168,0.65747028023975,0.694337772589643,"Normal"
"FIM1_4341","FIM1_4341",264.618016045972,-0.0741401721478117,0.167932337820348,-0.441488358407337,0.658859487618521,0.695653683254758,"Normal"
"IRC6","IRC6",716.670582594065,0.0468931079630224,0.106275997920938,0.441238933346996,0.659040030121214,0.6956931362935,"Normal"
"ATP20","ATP20",8690.47723347233,0.0329801511840257,0.0748340821538485,0.440710305181843,0.659422735181085,0.695945931851628,"Normal"
"SEC14","SEC14",3189.88250268595,-0.0404192697717221,0.0921288423257123,-0.438725471322258,0.660860468539806,0.697311838574357,"Normal"
"MCA1","MCA1",2819.21518310774,-0.0433509059115908,0.0998547210572657,-0.434139772787804,0.664186945145537,0.70066964100351,"Normal"
"YEH2","YEH2",1854.33262904757,0.0377924017615412,0.0871279995945023,0.433757252977559,0.664464726255664,0.700810528516664,"Normal"
"SNM1","SNM1",173.837703420937,0.0786149747466234,0.181859295303868,0.432284611106988,0.665534570411147,0.701634297597692,"Normal"
"ATP7","ATP7",22238.5606986332,0.0315987691454057,0.0730781491850767,0.432396954462806,0.665452931236409,0.701634297597692,"Normal"
"GEA2","GEA2",3383.27875750183,-0.0410752529140254,0.0959277132343025,-0.428189639147339,0.668513058907615,0.70462146490935,"Normal"
"NUR1","NUR1",612.012189488661,-0.0490571103182786,0.114754921831745,-0.427494607945501,0.669019111665709,0.705001922269287,"Normal"
"tRNA-Gln","tRNA-Gln",2.45358063404684,-0.495459603012483,1.15988256371951,-0.427163592686182,0.669260177010901,0.705103035580219,"Normal"
"NTO1","NTO1",662.323046338749,0.0437844426633474,0.103012051641117,0.425041943790107,0.670806098671921,0.706578546162337,"Normal"
"ABZ2","ABZ2",2106.85643878784,0.0423071801525999,0.100195816644306,0.422244975584061,0.672846216441593,0.708573854722519,"Normal"
"UTP11","UTP11",1855.30957740141,-0.0382636466128882,0.0909943823349034,-0.420505592005223,0.674116145150537,0.709757388794466,"Normal"
"NAB2","NAB2",7205.92719772484,-0.0356017072315763,0.0850328428313829,-0.418681841581766,0.675448668157107,0.711006299518064,"Normal"
"GTR2","GTR2",1324.63043320939,-0.0371791475102299,0.0889648240440839,-0.417908402671677,0.67601408877495,0.711447359185073,"Normal"
"FIM1_1706","FIM1_1706",6.4879232296006,-0.316132917690268,0.756960473063756,-0.417634644000284,0.676214263193425,0.71150392049737,"Normal"
"VPS75","VPS75",1683.84878043381,0.0397543778725397,0.0956700248217763,0.415536401778908,0.677749272898564,0.712964649710787,"Normal"
"RSA4","RSA4",772.378122872012,0.0454268195507907,0.109604962753888,0.414459513596974,0.678537611585312,0.713639449067756,"Normal"
"ADI1","ADI1",906.138894344051,-0.0412745131667881,0.100107429512877,-0.412302197425604,0.680117938220185,0.715146734865154,"Normal"
"INP51","INP51",2171.97634564565,-0.0402165033053417,0.0975928709501823,-0.412084437252295,0.680277535128771,0.715159788660904,"Normal"
"VTA1","VTA1",1380.30729051656,0.039685412762214,0.0966985371482321,0.410403444897817,0.681510019647775,0.716300494369141,"Normal"
"DTD1","DTD1",703.622666820107,0.0472426651797922,0.115930023770986,0.407510182807498,0.683633316788614,0.718376792014679,"Normal"
"MOG1","MOG1",1561.22855500257,0.0402090769729569,0.0991613245299995,0.405491527705364,0.685116244818081,0.719779423474823,"Normal"
"FIM1_827","FIM1_827",15.0280892102105,-0.200581211219717,0.495351182346515,-0.404927288695566,0.685530958866173,0.720059431286367,"Normal"
"ENA5","ENA5",1007.17922985158,0.0499189416105817,0.124454041303627,0.401103420087387,0.688343982929885,0.722857880496285,"Normal"
"APA2","APA2",3847.7959332651,0.0298379719274427,0.0749022467973761,0.398358837060786,0.690365695696908,0.724555381008774,"Normal"
"VPS35","VPS35",4785.02550213315,0.0316847512135982,0.0794808415961488,0.398646398016167,0.690153768811965,0.724555381008774,"Normal"
"FIM1_4294","FIM1_4294",1074.71478380354,-0.0424462263538216,0.106568017927594,-0.39830173422819,0.690407782274259,0.724555381008774,"Normal"
"FIM1_2208","FIM1_2208",2.06019635279584,-0.548100533174782,1.37801706746013,-0.397745823413496,0.690817555971114,0.724828871618148,"Normal"
"FMS1","FMS1",802.320300177557,-0.0380571009405105,0.0966893156245015,-0.393601926900667,0.693874958375526,0.727879624945311,"Normal"
"JIP5","JIP5",879.837487856557,-0.0425491785128031,0.108220886204087,-0.39316974758978,0.694194112139676,0.728057239561123,"Normal"
"SKI8","SKI8",451.641457750476,0.0448907006620786,0.114437338241094,0.392273198171595,0.694856364674929,0.728594535165188,"Normal"
"FLO8","FLO8",2969.52734588972,0.0414267311482958,0.106733906272671,0.388130937908934,0.697919137967712,0.731648131906173,"Normal"
"BBP","BBP",816.864947608864,0.0383848732894916,0.099752881897332,0.384799642470462,0.700385864035196,0.73407569312921,"Normal"
"CST6","CST6",5297.75472642209,0.0421195136163822,0.109569237939994,0.38441002610102,0.700674570589605,0.734219913412743,"Normal"
"NEM1","NEM1",1541.10128894732,0.0314321921231255,0.0838520762002896,0.374852878395597,0.707769885508513,0.741495013731321,"Normal"
"MNN1","MNN1",3875.99490531756,-0.0474606684487467,0.126822456710446,-0.374229215233595,0.708233789935035,0.741821078959761,"Normal"
"FIM1_1817","FIM1_1817",2263.63283972949,-0.0336703092521311,0.0915127330795348,-0.367930320940888,0.712925190818002,0.746574030643249,"Normal"
"SPC34","SPC34",502.226242140543,-0.0408755872414553,0.112215513126346,-0.364259683021123,0.715664103069354,0.749280731914241,"Normal"
"YGR168C","YGR168C",342.222478251229,-0.0480172637702169,0.132274840023115,-0.363011316149208,0.716596431062114,0.750095230187594,"Normal"
"YJL132W","YJL132W",0.78888606013954,0.807334271652319,2.25141035731803,0.358590458211291,0.719901485947009,0.753392487662399,"Normal"
"MPA43","MPA43",585.705115690455,0.0401714890907595,0.112608908200533,0.356734557973178,0.721290531931284,0.754683612113288,"Normal"
"YOR292C","YOR292C",5160.93415909336,0.0363513955351665,0.10317819372635,0.352316649694198,0.724600802995222,0.757983918569168,"Normal"
"GYP1","GYP1",191.694573012945,-0.0538709550969672,0.153771783218462,-0.350330561104525,0.726090632276612,0.759270938945663,"Normal"
"FIM1_630","FIM1_630",772.275107183913,-0.0419468549916303,0.119830467631087,-0.350051667333629,0.726299922662984,0.759270938945663,"Normal"
"IPI1","IPI1",346.95980203458,-0.0497386825351386,0.142037986412055,-0.350178735925232,0.726204563983877,0.759270938945663,"Normal"
"WTM2","WTM2",1679.7201031703,0.0287758658770019,0.0827085259485191,0.347918978690456,0.727901031737357,0.760781052529967,"Normal"
"GUT2","GUT2",34298.7092765991,-0.0371435308065746,0.106855659753418,-0.347604711741873,0.7281370672504,0.760864088122515,"Normal"
"ATP10","ATP10",1619.90511310461,0.0383612131036916,0.111071867504029,0.345372901039052,0.729814047069119,0.762452473598979,"Normal"
"NUP2","NUP2",2294.79119939246,0.0267158976490295,0.0777283824630544,0.343708395858205,0.731065596473175,0.763595815404806,"Normal"
"ALF1","ALF1",436.100169583623,-0.0398985159491498,0.117028289757665,-0.340930522284561,0.733155886428435,0.765614539470399,"Normal"
"FRE4","FRE4",3209.28409780872,0.0296000472737844,0.0869392227322995,0.340468275923376,0.733503909438158,0.765813385466268,"Normal"
"FIM1_110","FIM1_110",654.625236885557,0.0390611213698485,0.114883135422332,0.340007445185514,0.733850921156995,0.765954812307234,"Normal"
"ROK1","ROK1",916.751616429354,-0.0328337334896008,0.09660682241025,-0.339869718001584,0.733954642128521,0.765954812307234,"Normal"
"ARD1","ARD1",490.829413596631,-0.0403030883592724,0.119032036581518,-0.338590261216534,0.734918420125238,0.76679592084787,"Normal"
"LST8","LST8",1179.91243328361,0.0306694909193897,0.0906789485507576,0.338220627935738,0.735196932056892,0.766921831873001,"Normal"
"IRC25","IRC25",303.653368064975,0.0461672254589966,0.136926247186831,0.337168559041884,0.735989837255628,0.767584163817364,"Normal"
"HSM3","HSM3",668.704477189981,-0.0334570403674094,0.100097036892469,-0.334246061682637,0.738193888503525,0.769717618935328,"Normal"
"AMF1","AMF1",1461.13825751098,0.0318374205543588,0.0954330921449876,0.33360986046632,0.738673976581062,0.770052961211624,"Normal"
"DNAJA1","DNAJA1",6246.55296799993,-0.0320173234874885,0.0980412200812709,-0.326570022904119,0.743993119680974,0.77543169638135,"Normal"
"REC102","REC102",167.705759496935,0.0833355797297923,0.25672101110939,0.324615345544438,0.745472211632821,0.776806664448612,"Normal"
"YJL127C-B","YJL127C-B",2168.15033281871,-0.0315648517723181,0.0973146355932214,-0.324358731653277,0.745666459558772,0.776842480059192,"Normal"
"YMR210W","YMR210W",1077.40487733676,-0.0293967328310631,0.0912436418106253,-0.322178425232911,0.74731752798566,0.778395684562127,"Normal"
"FIM1_329","FIM1_329",1457.26205776341,0.032030954439803,0.100426669660216,0.318948687118439,0.749765423827429,0.78077800993945,"Normal"
"MEU1","MEU1",1826.34350253203,-0.0277395847878476,0.0873115638327973,-0.317708028239756,0.750706420863039,0.781590421892759,"Normal"
"ARG3","ARG3",979.135860485098,-0.0351945617643303,0.110921435149131,-0.317292701063703,0.751021515171441,0.78175097305442,"Normal"
"PEF1","PEF1",623.396907864417,0.0353256938939433,0.111734601154586,0.316157157486695,0.751883224490004,0.782480314370729,"Normal"
"NIF3","NIF3",1456.41838755913,0.0279063929958339,0.0885048538129602,0.315309181288625,0.752526914635857,0.782982500688571,"Normal"
"FIM1_3611","FIM1_3611",651.148887307842,-0.0345075148157927,0.109766271369614,-0.314372660975212,0.753238017734241,0.783554598195392,"Normal"
"COA1","COA1",4791.42937638072,0.0239376017101741,0.0762579054669957,0.313903215195627,0.753594548353091,0.783757686311573,"Normal"
"PGD1","PGD1",991.038875343503,-0.0345739636747173,0.11074110038364,-0.3122053470206,0.754884468734963,0.784931229099761,"Normal"
"OCA1","OCA1",1425.50126745641,0.0296714789683521,0.0972528573355353,0.305096218057445,0.76029287152827,0.790216697915692,"Normal"
"VPS13","VPS13",9755.99366590457,0.0347008835306829,0.113709174098361,0.305172241429402,0.76023497276545,0.790216697915692,"Normal"
"DBP8","DBP8",153.067680800577,-0.0538786234462089,0.177588607231471,-0.303390089522932,0.761592597404553,0.791398295720428,"Normal"
"BUD7","BUD7",4.02329532011256,0.290131039741127,0.958267156499153,0.30276634002679,0.762067936897043,0.791722921826541,"Normal"
"YKL033W-A","YKL033W-A",1303.11561014704,0.0295397197400439,0.097873567182314,0.301815092577741,0.762793024879065,0.792306820839542,"Normal"
"SRM1","SRM1",270.148689465687,-0.0485307458379038,0.161227422903194,-0.301008010697058,0.763408386001929,0.79277652224479,"Normal"
"UBX4","UBX4",685.670476043824,0.0323607079269497,0.107736312323682,0.300369552558338,0.763895285567824,0.79311264798591,"Normal"
"AVT2","AVT2",363.098158400962,-0.0387884139832765,0.130963664272025,-0.296176914405121,0.767094977985869,0.795945252893268,"Normal"
"MTR3","MTR3",451.599468982227,0.037907034123765,0.127999119982295,0.296150740169217,0.767114965898163,0.795945252893268,"Normal"
"VTC1","VTC1",3752.04346073286,0.0295735277297202,0.0997531231357641,0.296467186189956,0.766873322804209,0.795945252893268,"Normal"
"YPI1","YPI1",2628.07259368922,-0.0250658394754031,0.0847713644763918,-0.295687578349452,0.767468684278426,0.796142258093269,"Normal"
"VPS51","VPS51",492.68144185892,0.034486176464828,0.118666767143511,0.29061360054683,0.771346857095241,0.799994531190133,"Normal"
"TMT1","TMT1",1081.11882309484,-0.0297558978696168,0.103122308605286,-0.288549570622118,0.772926091354147,0.80146134824793,"Normal"
"UBP6","UBP6",0.872728837107765,-0.596250816978473,2.06872071445824,-0.288221997687407,0.773176811207747,0.8015502721695,"Normal"
"YPR084W","YPR084W",1593.28622027553,0.0261382073841299,0.0924143390271387,0.282837140418805,0.777301682325635,0.805654623383161,"Normal"
"FIM1_2441","FIM1_2441",1.17842389563536,0.490822999063045,1.73934426495501,0.282188528718748,0.777798953804959,0.805998105467754,"Normal"
"CEG1","CEG1",1101.15864705444,-0.0271832375304732,0.0971543220273005,-0.279794423585548,0.779635230238901,0.807728695891433,"Normal"
"RBG2","RBG2",1326.27469064538,0.0234591294618378,0.0842483001352411,0.278452258670853,0.78066520837674,0.808623374014619,"Normal"
"BMH2","BMH2",25370.9160508664,0.020998824687165,0.0755703597578699,0.277871175345015,0.781111251585744,0.808912952143037,"Normal"
"YER134C","YER134C",1617.97383825085,0.0255341221824891,0.092157585114638,0.277070217830972,0.781726189637246,0.809377275825139,"Normal"
"VPS10","VPS10",9762.78154677145,0.0266904324670895,0.0972194540683511,0.274537979284728,0.783671221118225,0.811218249555487,"Normal"
"EGH1","EGH1",4456.56266599181,0.0218206005279576,0.0813512089613022,0.268227120488614,0.78852450048244,0.816068274301209,"Normal"
"KCH1","KCH1",377.06434426505,0.0409847774796617,0.153506237326632,0.266990958761199,0.789476122357741,0.816749274782427,"Normal"
"CAN1","CAN1",3340.19895421071,0.0248779111688902,0.0932744351048273,0.266717360881692,0.78968678594934,0.816749274782427,"Normal"
"SPB4","SPB4",524.992804876128,-0.0297900660991171,0.11163720274612,-0.266847120550523,0.789586872300343,0.816749274782427,"Normal"
"YGL114W","YGL114W",3296.1103275033,-0.0209126807352128,0.0787307426941759,-0.2656228052674,0.790529720294497,0.817447097448598,"Normal"
"YPL247C","YPL247C",7425.20717751764,0.0207821943163657,0.0789592340136034,0.263201569467926,0.792395221180309,0.819201782918111,"Normal"
"UTP14","UTP14",1022.47653920143,-0.0266026997868549,0.101380130938639,-0.262405458944971,0.793008864473352,0.819661789507768,"Normal"
"INH1","INH1",49177.68352551,-0.0198176490728683,0.0763454912736013,-0.259578512656986,0.795188912719041,0.821740307720506,"Normal"
"VPS38","VPS38",0.832341992335065,-0.51670248372382,1.99704457577864,-0.258733575600014,0.795840811840192,0.822239103706462,"Normal"
"LYP1","LYP1",4993.31935749986,0.0218263587049335,0.0849723272641076,0.256864315803587,0.797283518371291,0.823182890878188,"Normal"
"BAS1","BAS1",1895.13734065657,-0.0230247024344073,0.0896384017333187,-0.256862036684987,0.797285277833309,0.823182890878188,"Normal"
"FMN1","FMN1",822.155344388532,0.0259656802153811,0.101148692859276,0.256708015510452,0.797404183381059,0.823182890878188,"Normal"
"POP5","POP5",143.965182469449,0.0514493201191107,0.200447697308685,0.256672043679703,0.797431954592227,0.823182890878188,"Normal"
"PRP8","PRP8",3847.08098867513,-0.0230172624107752,0.0911942043165314,-0.252398302976396,0.800733211724367,0.826376673023365,"Normal"
"POL31","POL31",0.168802927758511,1.02920351907489,4.0804728567969,0.252226532363897,0.800865971036639,0.826376673023365,"Normal"
"TRF5","TRF5",1149.46063538411,-0.025293284343828,0.10061080945652,-0.251397285047774,0.801506966540825,0.826862494781714,"Normal"
"KRI1","KRI1",828.050042576059,0.0237911741108496,0.0967558799295366,0.24588866462871,0.805768418811671,0.830940222443722,"Normal"
"LIPB","LIPB",847.543455225882,-0.0261073774085553,0.106194155771298,-0.245845707976442,0.805801672804038,0.830940222443722,"Normal"
"FIM1_2527","FIM1_2527",31.8554344389458,0.0844846105904916,0.347738727384412,0.242954275544631,0.808040819093179,0.833072425201306,"Normal"
"TGL2","TGL2",1539.88675085459,0.0206114621837027,0.0854551750767384,0.241196184610161,0.809403067863262,0.834299852937546,"Normal"
"BUB2","BUB2",150.910220933164,0.0421872227700253,0.175482458144648,0.240407065276295,0.810014701498492,0.834753220483812,"Normal"
"GRX5","GRX5",2670.04604293831,0.0197220809630729,0.08296668466615,0.237710847943758,0.812105369373102,0.836730277731955,"Normal"
"DGK1","DGK1",1270.47947233664,0.023883078992594,0.100762286563682,0.237023987913374,0.812638180772561,0.83710174271229,"Normal"
"EXO70","EXO70",575.985539816019,-0.0262467900104838,0.111815258945803,-0.234733526156799,0.814415564531213,0.83875481730758,"Normal"
"HEM25","HEM25",925.078367253855,-0.0229649785402873,0.0980234157305172,-0.234280537656654,0.814767194221087,0.838939138953223,"Normal"
"RSA3","RSA3",454.152088275413,-0.0287595168417337,0.123006126796556,-0.233805563923658,0.81513592989895,0.839140992241314,"Normal"
"RVB1","RVB1",1309.31863261398,0.0211441472613223,0.0905482934074319,0.233512377380564,0.815363559433495,0.839197529186052,"Normal"
"GPM3","GPM3",1863.46953467572,-0.0220352638667497,0.0961159709328796,-0.229257049092679,0.81866913432109,0.842421288366408,"Normal"
"SLM4","SLM4",382.495804642783,-0.0275202496627012,0.120181781437301,-0.228988531652433,0.818877829744369,0.84245762750961,"Normal"
"AVT1","AVT1",6429.33545105455,0.0185893048600009,0.08275294261395,0.224636179364904,0.822262317039303,0.845402581145572,"Normal"
"TIM10","TIM10",3018.63380371553,-0.0204862557351373,0.0911100063996436,-0.224851874614921,0.822094509077919,0.845402581145572,"Normal"
"FIM1_4485","FIM1_4485",36.8993883686347,-0.079845826568832,0.354762756368187,-0.225068232602085,0.821926193692033,0.845402581145572,"Normal"
"TAE1","TAE1",387.322456755036,0.0332947118394348,0.148715128586737,0.223882480254966,0.822848748459883,0.845826543001179,"Normal"
"MXR2","MXR2",1456.22241240451,-0.0201610231459305,0.0901989372516381,-0.22351730253412,0.823132918264447,0.845939689053922,"Normal"
"RSM18","RSM18",2031.1049271093,0.0197877950025979,0.0894979960574158,0.221097632062101,0.82501641397876,0.847696078562654,"Normal"
"CHK1","CHK1",468.542771410766,0.0254234005161854,0.115668793434136,0.219794810349276,0.826030961551932,0.848559078685167,"Normal"
"FIM1_4990","FIM1_4990",34.0349794550159,0.0870142337072533,0.396707337876283,0.219341124802661,0.826384328815383,0.848742645046279,"Normal"
"RPC11","RPC11",677.296358612549,-0.028992649157793,0.132391512064112,-0.218991751856063,0.826656472898994,0.848842730730391,"Normal"
"PAN5","PAN5",432.176978774858,0.0305610982764901,0.139903674985716,0.218443856314785,0.827083298092793,0.849101573089559,"Normal"
"DLD2","DLD2",3429.05620636092,0.0175349923817924,0.0822516804836061,0.213187041026929,0.831181075702857,0.85312818902412,"Normal"
"SEN54","SEN54",376.249401915298,-0.026703504841153,0.126106927614659,-0.211752877865283,0.832299832806464,0.854020674571135,"Normal"
"EAF7","EAF7",593.369974133349,-0.0216779206298806,0.102437100298488,-0.211621771474535,0.832402122817224,0.854020674571135,"Normal"
"UBA2","UBA2",680.250024972145,0.0223926262992556,0.10621798006198,0.210817662755299,0.833029555395425,0.85448397924137,"Normal"
"SQS1","SQS1",2287.19863491585,-0.0210140871915397,0.0999550765530099,-0.210235316866524,0.833484016583048,0.854769699573033,"Normal"
"MATA1","MATA1",6.85252833230988,-0.148604269575269,0.710217545422923,-0.209237677290522,0.834262701095494,0.855387732564466,"Normal"
"RAD17","RAD17",659.643115379966,0.0212570230240711,0.102175487563926,0.208044253380945,0.83519441402726,0.855981788179383,"Normal"
"SGF11","SGF11",34.2712032475858,-0.0695915698783091,0.334188442828425,-0.208240504337362,0.835041183844854,0.855981788179383,"Normal"
"OPT2","OPT2",1205.15299285814,0.0219810473272737,0.106338886724202,0.206707517864872,0.836238285797778,0.856870904827374,"Normal"
"CSE1","CSE1",2724.62439808424,-0.0201353043887343,0.0978487686163918,-0.205779844483002,0.836962886028341,0.857432566563717,"Normal"
"DAS2","DAS2",329.599481969643,0.0304569934504798,0.148485682900033,0.205117374656146,0.83748042202253,0.857781907800901,"Normal"
"FIM1_4040","FIM1_4040",2.21552184754177,0.255123574086486,1.25216753802928,0.203745558272507,0.838552338502525,0.858698801429667,"Normal"
"ALD2","ALD2",5315.47332311164,0.0164445269269114,0.0842876406884822,0.19510009762509,0.84531458615175,0.865076574159931,"Normal"
"ALK2","ALK2",599.617663079805,0.0212933215481549,0.109028348794618,0.195300779875757,0.845157486574413,0.865076574159931,"Normal"
"tRNA-Lys","tRNA-Lys",1.56509902201375,0.316696762085151,1.62275734404046,0.195159654182563,0.845267963000775,0.865076574159931,"Normal"
"YME2","YME2",7406.21932004503,0.0154961510372422,0.0797861193235158,0.194221139825195,0.846002730844779,0.865598498457524,"Normal"
"BIK1","BIK1",843.408757806328,-0.0195818515716105,0.102310340666927,-0.191396602180805,0.848214881926813,0.867679181322607,"Normal"
"YEA4","YEA4",372.207953926026,-0.0223683877445773,0.117608974774264,-0.190192864001329,0.849158002765644,0.868461110384817,"Normal"
"RIM20","RIM20",1769.31472749814,0.0190363230979769,0.100557238435886,0.189308332190469,0.849851165258367,0.868987123735354,"Normal"
"SUA5","SUA5",287.86033907022,-0.0295020977273722,0.156684231075313,-0.188290152269321,0.850649204642747,0.869620131571451,"Normal"
"FIM1_2099","FIM1_2099",12.6985321397216,-0.105144754061984,0.561391898587725,-0.187292966511439,0.851430937323733,0.870236206238119,"Normal"
"YOR1","YOR1",10796.9123725473,0.0147709898702953,0.0797479299339701,0.185220981692257,0.853055712807176,0.871713503371202,"Normal"
"DOT5","DOT5",1349.06693948256,-0.0208864846014427,0.113328875684046,-0.18429976010415,0.853778302112486,0.872268454576234,"Normal"
"HAP5","HAP5",1594.99367797832,-0.0150807748298355,0.0833336952299396,-0.180968512055342,0.856392291642312,0.874755128250997,"Normal"
"CWC15","CWC15",1091.71932943758,0.0162939423202592,0.0905313351252431,0.179981244037965,0.857167292834243,0.875362731374861,"Normal"
"SIF2","SIF2",930.121353209304,-0.0175197431367923,0.0991170261218072,-0.176758159746055,0.859698355166401,0.877763040082695,"Normal"
"LPP1","LPP1",1456.67886315989,-0.0227826030055173,0.129903104167118,-0.175381513410241,0.860779865614578,0.878682640130512,"Normal"
"MIX23","MIX23",1662.38204987864,-0.0153929481384469,0.0880857586645569,-0.174749566465851,0.861276418553225,0.879004855650099,"Normal"
"ZPR1","ZPR1",9833.16728008377,-0.0132818725580097,0.0772668032068548,-0.171896234951667,0.863519106602233,0.881108639013072,"Normal"
"MRPS8","MRPS8",2444.05660614241,-0.0137637649005363,0.0807896803469494,-0.170365383814222,0.864722793853813,0.882151596753239,"Normal"
"APS2","APS2",1166.19339447283,-0.0196519523388639,0.117713402530888,-0.166947449622036,0.867411397618258,0.884708644212241,"Normal"
"SEC53","SEC53",444.389513920283,0.0207785349194769,0.125438293064315,0.165647462285088,0.868434393724319,0.8855661530129,"Normal"
"GPI16","GPI16",994.974898870849,-0.0147822673512923,0.0897549141121655,-0.164695911054174,0.869183335538006,0.88614389999563,"Normal"
"TRS130","TRS130",279.328343934988,0.0293469451149292,0.183716786850793,0.159740139254468,0.873085780322564,0.889833940966218,"Normal"
"ERV14","ERV14",2932.32837342295,0.012569861494447,0.0788563474580289,0.159402025323799,0.873352143335644,0.889833940966218,"Normal"
"SMC5","SMC5",1150.99717467528,0.0141184987724785,0.0885653711473573,0.159413307815171,0.87334325486207,0.889833940966218,"Normal"
"FIM1_4800","FIM1_4800",4.25536898475058,0.146914543313295,0.964909347070477,0.152257353252237,0.87898395985541,0.895384289504704,"Normal"
"DNAJA2","DNAJA2",2673.98363359796,-0.0139827913925537,0.0928314699485861,-0.150625551876944,0.880271103874108,0.896339347063454,"Normal"
"POP4","POP4",823.71552194092,0.0142349055745675,0.0945206508986599,0.150601010882049,0.880290463919902,0.896339347063454,"Normal"
"SRB8","SRB8",2483.76271049596,-0.0148852405321742,0.101362510374617,-0.146851537882804,0.883249204265279,0.89916360434213,"Normal"
"NOC3","NOC3",274.465522113248,-0.0217976449584617,0.148842982003905,-0.146447247058581,0.883568331570614,0.899300067679433,"Normal"
"SMD2","SMD2",399.877398349262,0.0205559524456549,0.141323213675384,0.145453474422619,0.884352847045063,0.899910048961667,"Normal"
"PEX17","PEX17",675.137999969667,0.0173780257513113,0.121157196975162,0.143433705839809,0.885947664764855,0.901344158938951,"Normal"
"KAR9","KAR9",211.242144614849,0.020670648669478,0.151185806502067,0.13672347390094,0.891249374281725,0.906548191257045,"Normal"
"EGT2","EGT2",2588.57512548204,0.0132473736922461,0.0976507013112973,0.135660814662409,0.89208942663248,0.907022917766734,"Normal"
"BET3","BET3",222.129344884525,0.0212002082010342,0.156146909446356,0.13577091135651,0.892002387460839,0.907022917766734,"Normal"
"BMT6","BMT6",277.970555932216,0.0199891801928024,0.147968737803674,0.135090563652196,0.892540270901397,0.907201914221767,"Normal"
"NPR2","NPR2",658.653289671158,-0.0178014433312145,0.131895922816068,-0.134965834812339,0.892638886992028,0.907201914221767,"Normal"
"CST26","CST26",3087.75211616492,-0.011461343337598,0.0855066042070216,-0.134040445692928,0.893370591960105,0.907755689321236,"Normal"
"SPC110","SPC110",304.488341454031,0.0204812099144864,0.153588605302085,0.133351102929824,0.8939157141517,0.908119685357121,"Normal"
"RRT14","RRT14",627.415186289283,-0.013159834620483,0.101173413189976,-0.130072063455766,0.896509412453037,0.910564221385725,"Normal"
"ROX1","ROX1",6878.22117926118,0.0108924296208744,0.0866635143385633,0.125686451836254,0.899980126683299,0.913898314640365,"Normal"
"GPI1","GPI1",665.98132333982,-0.0142254188216224,0.11467167525153,-0.124053466476522,0.901272941840863,0.915019896448966,"Normal"
"YMR206W","YMR206W",20251.5919815856,0.0127853551608761,0.103740717283779,0.12324336572594,0.901914386414025,0.915479841985742,"Normal"
"CLB5","CLB5",59.1057579910098,0.0317458550444836,0.262907657425887,0.120749069674521,0.903889791331985,0.917293336692171,"Normal"
"FIM1_2095","FIM1_2095",17963.3657278018,-0.0103698140194768,0.086273423032814,-0.120197085671825,0.904327026336734,0.917545420958487,"Normal"
"SIA1","SIA1",7611.99272994301,-0.0110209119463809,0.0919677567313765,-0.119834519597681,0.904614236285379,0.917645213801807,"Normal"
"THI6","THI6",1140.46768832514,0.0122223136432789,0.105323192523066,0.116045795332326,0.907616247515803,0.920382056551446,"Normal"
"FIM1_4837","FIM1_4837",2.58179033872725,0.134018907978587,1.1558195559048,0.115951410662605,0.907691050626575,0.920382056551446,"Normal"
"VPS20","VPS20",1046.10618451348,0.0109758335614037,0.0971419750437744,0.112987547931342,0.910040427304785,0.922571758037545,"Normal"
"FSH1","FSH1",2532.72355972049,0.0147278807222898,0.1322789465191,0.111339567707875,0.911347079950635,0.923703684080128,"Normal"
"BUR1","BUR1",4539.542674287,0.00913284559863787,0.0827081985083972,0.110422494545213,0.912074314145999,0.924247985909366,"Normal"
"RMD9","RMD9",20183.744362953,0.0105550691116975,0.100738042845465,0.104777389093108,0.916552452164833,0.928592236252903,"Normal"
"MSB1","MSB1",4320.39085166333,-0.00895068324542279,0.0858123156441867,-0.104305345663157,0.916927035830148,0.928778083614486,"Normal"
"FKS1","FKS1",38408.4251476938,0.009242541971872,0.0896710673904988,0.103071617644771,0.917906130861542,0.929576050407718,"Normal"
"CYB5","CYB5",1245.29323458023,0.0117092884550042,0.116874619052619,0.100186751836448,0.920196063596768,0.931700911234986,"Normal"
"UTR2","UTR2",1541.06210681151,0.0101487460196934,0.105679448276832,0.0960332986704127,0.923494126256926,0.93465068933189,"Normal"
"RML2","RML2",6156.07140313346,-0.00796723450282415,0.0828293615750692,-0.0961885296629185,0.923370840575655,0.93465068933189,"Normal"
"INP54","INP54",499.403845777152,-0.0106866035688584,0.112065315694612,-0.0953604913582749,0.924028496350284,0.934996764632659,"Normal"
"MAK32","MAK32",871.444643090193,0.00936557181836095,0.099749376623356,0.093891031056008,0.925195718544434,0.935982926589091,"Normal"
"CPR5","CPR5",2597.78750820643,-0.00852780327241274,0.0914280222418122,-0.0932734085602125,0.925686356864945,0.936284348044706,"Normal"
"DSC2","DSC2",850.355173521035,0.00882606616012206,0.105547725568057,0.0836215665720906,0.933357319345174,0.943846662788387,"Normal"
"SNP1","SNP1",322.849385477766,0.0111320184681011,0.13725215752186,0.081106327718951,0.935357393477662,0.945672404267158,"Normal"
"INN1","INN1",169.811830321987,0.0162717437243592,0.202014700890912,0.0805473247867537,0.935801958739551,0.945925050450484,"Normal"
"SDD4","SDD4",5057.11432490536,0.00573722185017341,0.0722670181165705,0.0793892151592442,0.936723046622636,0.94665916878939,"Normal"
"DSE1","DSE1",499.444247436029,-0.00855430167653953,0.111850075462742,-0.0764800706762957,0.939037168827411,0.948800499757203,"Normal"
"HRQ1","HRQ1",2141.72949975324,-0.00675742864637066,0.0903284293412562,-0.0748095444108901,0.940366247758173,0.949945862340325,"Normal"
"YER053C-A","YER053C-A",47194.3500327637,-0.0059599197079856,0.0814187789634373,-0.073200799420758,0.941646330250725,0.951041263497874,"Normal"
"FIM1_4994","FIM1_4994",34.7886771871865,0.0227823005687989,0.336355991241178,0.0677327033323549,0.945998415586428,0.955238217234924,"Normal"
"CRZ1","CRZ1",4153.73524982168,0.00655313182645533,0.0972047924189906,0.0674157277987774,0.946250748700451,0.955294491571887,"Normal"
"MRE11","MRE11",943.702413208413,0.00734224641104005,0.109361226183402,0.0671375648141224,0.94647218894753,0.955319560884098,"Normal"
"MBP1","MBP1",1304.44276540998,-0.00683747774629065,0.104121491546771,-0.0656682654533362,0.947641938357181,0.956301594699386,"Normal"
"GAL1","GAL1",51126.369805498,-0.0189909378969459,0.304797711768791,-0.0623066944523251,0.950318597435201,0.958803584912301,"Normal"
"PTM1","PTM1",4477.36164020546,-0.0047228827840666,0.0767484134976733,-0.0615372040779681,0.950931385966569,0.95922267062727,"Normal"
"RPC40","RPC40",1631.28172596806,0.00815959573220158,0.134800227779943,0.0605310233267697,0.95173270810095,0.959831720353366,"Normal"
"HOL1","HOL1",3546.519041835,0.00619891310014845,0.104013007174624,0.0595974798588533,0.952476225584159,0.960382232851926,"Normal"
"EFB1","EFB1",345.828265259252,-0.00755678972673241,0.130485288576467,-0.0579129632863095,0.953817957244571,0.961535571421446,"Normal"
"TFC6","TFC6",1525.52764134892,0.00587268416960708,0.102081555910042,0.0575293363943465,0.954123537736641,0.961644113225957,"Normal"
"SEC20","SEC20",458.526501469126,0.0063124769567807,0.117265560489509,0.0538306125893238,0.957070119552108,0.964413876172478,"Normal"
"SLI1","SLI1",786.013155971887,0.0052521680837533,0.102440008466382,0.0512706720975809,0.959109837633394,0.966268857777454,"Normal"
"FIM1_2920","FIM1_2920",433.628905269809,0.0060444221530402,0.127221576657458,0.0475109828996593,0.962105977133714,0.968760802682358,"Normal"
"APL4","APL4",1771.38499512101,0.00439417610920188,0.0926722821179139,0.0474162932948046,0.962181443454427,0.968760802682358,"Normal"
"FIM1_4664","FIM1_4664",260.259196969131,-0.00675560241163964,0.14160687790995,-0.0477067393289728,0.961949963012652,0.968760802682358,"Normal"
"DPH6","DPH6",260.761222809739,0.00711694510267305,0.155244378140107,0.0458434964791449,0.963434990058068,0.969821963267486,"Normal"
"MED8","MED8",977.067094076331,0.00453341134014599,0.102605470100319,0.0441829401075168,0.964758580595108,0.97086952655896,"Normal"
"YAE1","YAE1",88.8763164428802,-0.00915758012636,0.207954089093588,-0.0440365475200571,0.964875271404243,0.97086952655896,"Normal"
"AQY1","AQY1",9632.63085168952,0.00454440020685809,0.10631388225753,0.0427451251930576,0.96590470771951,0.971704135571242,"Normal"
"tsc2","tsc2",865.2075081151,0.00485358546782865,0.114288653913934,0.0424677804979985,0.966125796006043,0.971725365927005,"Normal"
"RAD3","RAD3",1437.49379253882,0.00365359957342032,0.0898810353893538,0.0406492822161356,0.967575495072726,0.972982063443372,"Normal"
"HOM6","HOM6",0.999378027182906,0.0680498816851024,1.83820184046359,0.0370198093523507,0.970469210986355,0.975690026108566,"Normal"
"CSM3","CSM3",352.746161841843,0.00449759617064709,0.129192405876152,0.0348131621216082,0.972228725138771,0.977256800879042,"Normal"
"BCD1","BCD1",208.394711047749,-0.00530408972985889,0.163058142423245,-0.0325288246942691,0.974050329406156,0.978885325870634,"Normal"
"MED6","MED6",1207.89125885514,-0.00288299020615919,0.0895510791877159,-0.0321938075153277,0.974317494507991,0.978951345288323,"Normal"
"ATG18","ATG18",2093.40509044817,-0.00285627533826555,0.0906239864379783,-0.0315178734740425,0.974856538254662,0.979290452631673,"Normal"
"AIM2","AIM2",13305.9303789508,-0.00217906492488811,0.0706236929660277,-0.0308545876514317,0.975385506467465,0.979619300521995,"Normal"
"dpp1","dpp1",87.7334570146125,0.00663387118589231,0.224975182941985,0.0294871243091866,0.976476087790313,0.980511946801639,"Normal"
"SDL1","SDL1",1951.97985247079,0.00273504009219075,0.094782709024039,0.0288558970338892,0.976979520029062,0.980814770210995,"Normal"
"SLC1","SLC1",4444.80339149002,0.00198921533526541,0.0742647520096005,0.0267854571844292,0.978630852543021,0.98206677251271,"Normal"
"YPL229W","YPL229W",14506.9110433478,-0.00211974041833754,0.078497516160369,-0.0270039170921912,0.978456609784209,0.98206677251271,"Normal"
"GRR1","GRR1",6650.18234536314,0.0022243284994898,0.0927988133390694,0.0239693636098828,0.980877045980647,0.984117606116036,"Normal"
"YPK9","YPK9",3303.02931463442,0.00194830075239394,0.0877471985884914,0.0222035664241647,0.982285572697963,0.985327332316144,"Normal"
"YCG1","YCG1",0.344521388695022,0.0674358809036129,3.24983733138335,0.0207505404200977,0.983444652259548,0.986082865317612,"Normal"
"FIM1_4072","FIM1_4072",971.6412741273,-0.00194928853066361,0.0937578259744003,-0.0207906754492776,0.983412636046353,0.986082865317612,"Normal"
"KTR1","KTR1",16803.5683933043,0.00146849807903542,0.0734568210342404,0.0199913099744803,0.984050304817405,0.986486575429703,"Normal"
"MHO1","MHO1",10414.0246141724,0.00138726837610538,0.0856724023712522,0.0161927101109386,0.987080651191249,0.989320314384958,"Normal"
"YLR345W","YLR345W",3884.93192865532,-0.00115531756109513,0.0766929171985712,-0.0150642015364185,0.98798096075542,0.990018455003215,"Normal"
"NDT80","NDT80",165.94928051209,0.00245449527810573,0.175637337077489,0.0139747921424181,0.988850092030186,0.990685071582407,"Normal"
"HPC2","HPC2",1574.80803499806,-0.00116890056198068,0.087759869275198,-0.013319306097816,0.989373045515429,0.99100466463811,"Normal"
"ORC3","ORC3",552.953509488026,0.000859687801805261,0.118777895160789,0.00723777602424679,0.994225140675469,0.995454349586257,"Normal"
"MET18","MET18",1031.61545747381,-0.000839932913224649,0.112215697444009,-0.00748498590086953,0.994027901076409,0.995454349586257,"Normal"
"ARP5","ARP5",1243.5135743569,-0.000652501065724314,0.104847630398659,-0.0062233267766122,0.995034535700034,0.996059499169029,"Normal"
"SDC1","SDC1",334.338496108787,0.000855556085237771,0.144741654049144,0.00591091825541307,0.995283797047054,0.996103804294879,"Normal"
"FIM1_1080","FIM1_1080",1051.98413754726,-0.000159799858156289,0.102061432795095,-0.00156572226922499,0.998750734885306,0.999367755520532,"Normal"
"XKS1","XKS1",5766.26933747844,8.17962975913956e-05,0.0886951521969401,0.000922218357659207,0.999264176315036,0.999675650136866,"Normal"
"GPI14","GPI14",266.93211601906,8.15880378234068e-05,0.146935770278531,0.000555263280471113,0.999556964024097,0.999762718854073,"Normal"
"YFL040W","YFL040W",123.877651055221,-2.62336458156219e-05,0.193824099286034,-0.000135347698827212,0.999892008161095,0.999892008161095,"Normal"
